IDX10 0 1 2 3 2 1 4 5 6 6
IDX10 5 7 5 8 7 7 8 9 8 10
IDX10 9 9 10 11 10 12 11 11 12 13
IDX10 12 14 13 15 13 14 16 17 18 18
IDX10 17 19 17 20 19 19 20 21 20 22
IDX10 21 21 22 23 22 24 23 23 24 25
IDX10 24 26 25 27 25 26 28 29 30 30
IDX10 29 31 31 29 32 32 29 33 29 34
IDX10 33 33 34 35 34 36 35 37 35 36
IDX10 38 39 40 41 40 39 42 39 43 38
IDX10 43 39 44 45 46 47 48 41 49 50
IDX10 41 51 50 52 51 53 47 52 50 54
IDX10 51 52 55 48 56 41 56 57 41 57
IDX10 49 41 58 50 49 54 50 58 51 55
IDX10 59 51 59 53 53 60 47 60 61 47
IDX10 61 48 47 40 62 38 50 45 44 44
IDX10 63 40 40 64 62 65 46 62 44 46
IDX10 66 67 46 65 66 46 68 44 66 69
IDX10 44 69 70 68 46 67 64 71 62 71
IDX10 72 62 72 65 62 73 64 40 44 70
IDX10 63 63 74 40 74 73 40 47 41 39
IDX10 50 51 45 75 45 51 50 76 41 41
IDX10 77 40 78 44 40 50 44 79 80 78
IDX10 40 81 44 78 82 44 81 79 44 82
IDX10 50 79 83 50 83 84 76 77 41 77
IDX10 85 40 85 80 40 86 87 88 89 88
IDX10 87 90 88 91 89 91 88 92 90 93
IDX10 91 93 90 94 92 95 93 95 92 96
IDX10 94 97 95 97 94 96 97 98 99 98
IDX10 97 100 98 101 99 101 98 100 101 102
IDX10 103 102 101 102 103 104 105 104 103 104
IDX10 105 106 107 106 105 106 107 108 109 108
IDX10 107 86 108 87 109 87 108 50 84 76
IDX10 110 111 112 113 112 111 110 112 114 115
IDX10 114 112 116 114 117 115 117 114 116 117
IDX10 118 119 118 117 118 119 120 121 120 119
IDX10 120 121 122 123 122 121 124 122 125 123
IDX10 125 122 124 125 126 127 126 125 128 129
IDX10 130 131 130 129 111 128 113 130 113 128
IDX10 132 133 134 135 134 133 136 132 137 134
IDX10 137 132 138 136 139 137 139 136 138 139
IDX10 140 141 140 139 142 140 143 141 143 140
IDX10 142 143 144 145 144 143 144 145 146 147
IDX10 146 145 146 147 148 149 148 147 148 149
IDX10 150 151 150 149 152 150 153 151 153 150
IDX10 152 153 154 155 154 153 133 154 135 155
IDX10 135 154 156 157 158 159 158 160 161 156
IDX10 158 162 161 158 158 163 164 165 162 158
IDX10 160 158 164 166 167 168 169 168 167 170
IDX10 171 172 173 172 171 158 174 163 175 176
IDX10 166 167 166 176 177 165 158 178 179 171
IDX10 173 171 179 175 180 176 181 176 180 158
IDX10 182 174 183 184 180 181 180 184 178 185
IDX10 179 186 179 185 183 187 184 188 184 187
IDX10 189 190 185 186 185 190 158 157 182 177
IDX10 158 159 187 191 188 192 188 191 191 170
IDX10 192 172 192 170 168 169 189 190 189 169
IDX10 193 194 195 196 195 197 198 193 195 199
IDX10 198 195 195 200 201 202 199 195 197 195
IDX10 201 203 204 205 206 205 204 207 208 209
IDX10 210 209 208 195 211 200 212 213 203 204
IDX10 203 213 214 202 195 215 216 208 210 208
IDX10 216 212 217 213 218 213 217 195 219 211
IDX10 220 221 217 218 217 221 215 222 216 223
IDX10 216 222 220 224 221 225 221 224 226 227
IDX10 222 223 222 227 195 194 219 214 195 196
IDX10 224 228 225 229 225 228 228 207 229 209
IDX10 229 207 205 206 226 227 226 206 230 231
IDX10 232 233 232 231 233 231 234 235 234 231
IDX10 236 237 238 239 238 237 240 241 242 243
IDX10 242 241 231 244 235 245 235 244 239 237
IDX10 246 247 246 237 248 249 244 250 244 249
IDX10 251 242 252 243 252 242 250 253 244 245
IDX10 244 253 254 255 253 245 253 255 256 251
IDX10 257 252 257 251 246 247 258 259 258 247
IDX10 260 234 261 235 261 234 262 256 263 257
IDX10 263 256 264 265 266 267 266 265 268 269
IDX10 270 271 270 269 272 273 263 262 263 273
IDX10 265 258 267 259 267 258 274 268 275 270
IDX10 275 268 273 272 276 277 276 272 264 266
IDX10 240 241 240 266 238 274 236 275 236 274
IDX10 276 277 269 271 269 277 278 279 280 281
IDX10 280 279 282 283 284 285 284 283 286 287
IDX10 288 289 288 287 290 291 292 293 292 291
IDX10 294 295 296 297 298 294 299 300 279 281
IDX10 279 300 301 302 286 287 286 302 292 293
IDX10 303 304 303 293 294 305 295 306 307 282
IDX10 283 282 307 308 297 294 301 309 302 310
IDX10 302 309 304 311 303 312 303 311 294 313
IDX10 305 299 314 300 315 300 314 316 317 306
IDX10 307 306 317 318 319 309 310 309 319 320
IDX10 321 311 312 311 321 294 322 313 308 294
IDX10 323 324 325 314 315 314 325 318 326 319
IDX10 327 319 326 320 328 321 329 321 328 330
IDX10 322 294 331 317 332 316 332 317 323 294
IDX10 333 326 334 327 335 327 334 328 336 329
IDX10 337 329 336 338 330 294 288 289 324 325
IDX10 324 289 290 331 291 332 291 331 334 278
IDX10 335 280 335 278 284 285 336 337 336 285
IDX10 298 338 294 333 294 296 339 340 341 342
IDX10 341 340 343 344 345 346 345 344 347 348
IDX10 339 340 339 348 349 350 344 346 344 350
IDX10 347 351 348 352 348 351 353 354 351 352
IDX10 351 354 349 355 350 356 350 355 353 357
IDX10 354 358 354 357 359 360 355 356 355 360
IDX10 357 361 358 362 358 361 361 343 362 345
IDX10 362 343 341 342 359 360 359 342 363 364
IDX10 365 366 365 364 367 368 369 370 369 368
IDX10 371 372 373 374 373 372 375 376 377 378
IDX10 377 376 379 380 381 382 383 379 384 385
IDX10 364 366 364 385 386 387 371 372 371 387
IDX10 377 378 388 389 388 378 379 390 380 391
IDX10 392 367 368 367 392 393 382 379 386 394
IDX10 387 395 387 394 389 396 388 397 388 396
IDX10 379 398 390 384 399 385 400 385 399 401
IDX10 402 391 392 391 402 403 404 394 395 394
IDX10 404 405 406 396 397 396 406 407 398 379
IDX10 393 379 408 409 410 399 400 399 410 403
IDX10 411 404 412 404 411 405 413 406 414 406
IDX10 413 415 407 379 416 402 417 401 417 402
IDX10 408 379 418 411 419 412 420 412 419 413
IDX10 421 414 422 414 421 423 415 379 373 374
IDX10 409 410 409 374 375 416 376 417 376 416
IDX10 419 363 420 365 420 363 369 370 421 422
IDX10 421 370 383 423 379 418 379 381 424 425
IDX10 426 427 426 425 428 429 430 431 430 429
IDX10 432 433 424 425 424 433 434 435 429 431
IDX10 429 435 432 436 433 437 433 436 438 439
IDX10 436 437 436 439 434 440 435 441 435 440
IDX10 438 442 439 443 439 442 444 445 440 441
IDX10 440 445 442 446 443 447 443 446 446 428
IDX10 447 430 447 428 426 427 444 445 444 427
IDX10 448 449 450 451 450 449 452 453 454 455
IDX10 454 453 456 457 458 459 458 457 460 461
IDX10 462 463 462 461 464 465 466 467 468 464
IDX10 469 470 471 451 471 470 472 473 456 457
IDX10 456 473 462 463 474 475 474 463 464 476
IDX10 465 477 478 452 479 452 478 480 467 464
IDX10 481 482 473 483 473 482 475 484 485 486
IDX10 485 484 464 487 476 469 488 470 489 470
IDX10 488 490 491 477 478 477 491 492 493 482
IDX10 483 482 493 494 495 484 486 484 495 464
IDX10 496 487 480 464 497 498 499 500 489 500
IDX10 499 501 502 493 503 493 502 494 504 505
IDX10 506 505 504 507 496 464 508 509 510 490
IDX10 510 509 497 464 511 502 512 503 513 503
IDX10 512 504 514 506 515 506 514 516 507 464
IDX10 517 459 498 499 498 459 461 518 510 508
IDX10 510 518 519 448 513 450 513 448 514 454
IDX10 520 455 520 454 468 516 464 511 464 466
IDX10 521 522 523 524 523 522 525 526 527 528
IDX10 527 526 529 530 522 524 522 530 526 531
IDX10 528 532 528 531 529 533 530 534 530 533
IDX10 535 536 533 534 533 536 537 538 531 532
IDX10 531 538 535 539 536 540 536 539 541 542
IDX10 537 538 537 542 543 544 539 540 539 544
IDX10 543 525 544 527 544 525 521 523 541 542
IDX10 541 523 545 546 547 548 547 546 549 550
IDX10 551 552 551 550 553 554 555 556 555 554
IDX10 557 558 559 560 559 558 561 562 563 564
IDX10 565 561 566 567 546 548 546 567 568 569
IDX10 553 554 553 569 557 570 558 571 558 570
IDX10 561 572 562 573 574 549 550 549 574 575
IDX10 564 561 568 576 569 577 569 576 570 578
IDX10 571 579 571 578 561 580 572 566 581 567
IDX10 582 567 581 583 584 573 574 573 584 585
IDX10 586 576 577 576 586 587 588 578 579 578
IDX10 588 561 589 580 575 561 590 591 592 581
IDX10 582 581 592 585 593 586 594 586 593 595
IDX10 596 587 588 587 596 597 589 561 598 584
IDX10 599 583 599 584 590 561 600 593 601 594
IDX10 602 594 601 595 603 596 604 596 603 605
IDX10 597 561 555 556 591 592 591 556 559 560
IDX10 599 598 599 560 601 545 602 547 602 545
IDX10 603 551 604 552 604 551 565 605 561 600
IDX10 561 563 606 607 608 609 608 607 610 611
IDX10 612 613 612 611 614 615 606 607 606 615
IDX10 616 617 611 613 611 617 614 618 615 619
IDX10 615 618 620 621 618 619 618 621 616 622
IDX10 617 623 617 622 620 624 621 625 621 624
IDX10 626 627 622 623 622 627 624 628 625 629
IDX10 625 628 628 610 629 612 629 610 608 609
IDX10 626 627 626 609 630 631 632 633 632 631
IDX10 634 635 636 637 636 635 638 639 640 641
IDX10 640 639 642 643 644 645 644 643 646 647
IDX10 648 649 650 646 651 652 631 633 631 652
IDX10 653 654 638 639 638 654 644 645 655 656
IDX10 655 645 646 657 647 658 659 634 635 634
IDX10 659 660 649 646 653 661 654 662 654 661
IDX10 656 663 655 664 655 663 646 665 657 651
IDX10 666 652 667 652 666 668 669 658 659 658
IDX10 669 670 671 661 662 661 671 672 673 663
IDX10 664 663 673 646 674 665 660 646 675 676
IDX10 677 666 667 666 677 670 678 671 679 671
IDX10 678 672 680 673 681 673 680 682 674 646
IDX10 683 669 684 668 684 669 675 646 685 678
IDX10 686 679 687 679 686 680 688 681 689 681
IDX10 688 690 682 646 640 641 676 677 676 641
IDX10 642 683 643 684 643 683 686 630 687 632
IDX10 687 630 636 637 688 689 688 637 650 690
IDX10 646 685 646 648 691 692 693 694 693 692
IDX10 695 696 697 698 697 696 699 700 691 692
IDX10 691 700 701 702 696 698 696 702 699 703
IDX10 700 704 700 703 705 706 703 704 703 706
IDX10 701 707 702 708 702 707 705 709 706 710
IDX10 706 709 711 712 707 708 707 712 709 713
IDX10 710 714 710 713 713 695 714 697 714 695
IDX10 693 694 711 712 711 694 715 716 717 718
IDX10 717 719 720 715 717 721 720 717 717 722
IDX10 723 724 721 717 719 717 723 725 726 727
IDX10 728 727 726 729 730 731 732 731 730 717
IDX10 733 722 734 735 725 726 725 735 736 724
IDX10 717 737 738 730 732 730 738 734 739 735
IDX10 740 735 739 717 741 733 742 743 739 740
IDX10 739 743 737 744 738 745 738 744 742 746
IDX10 743 747 743 746 748 749 744 745 744 749
IDX10 717 716 741 736 717 718 746 750 747 751
IDX10 747 750 750 729 751 731 751 729 727 728
IDX10 748 749 748 728 752 753 754 755 754 756
IDX10 757 752 754 758 757 754 754 759 760 761
IDX10 758 754 756 754 760 762 763 764 765 764
IDX10 763 766 767 768 769 768 767 754 770 759
IDX10 771 772 762 763 762 772 773 761 754 774
IDX10 775 767 769 767 775 771 776 772 777 772
IDX10 776 754 778 770 779 780 776 777 776 780
IDX10 774 781 775 782 775 781 779 783 780 784
IDX10 780 783 785 786 781 782 781 786 754 753
IDX10 778 773 754 755 783 787 784 788 784 787
IDX10 787 766 788 768 788 766 764 765 785 786
IDX10 785 765 789 790 791 792 791 790 793 794
IDX10 795 796 795 794 797 798 799 800 799 798
IDX10 801 802 803 804 803 802 805 806 807 808
IDX10 809 805 810 811 790 792 790 811 812 813
IDX10 797 798 797 813 803 804 814 815 814 804
IDX10 805 816 806 817 818 793 794 793 818 819
IDX10 808 805 812 820 813 821 813 820 815 822
IDX10 814 823 814 822 805 824 816 810 825 811
IDX10 826 811 825 827 828 817 818 817 828 829
IDX10 830 820 821 820 830 831 832 822 823 822
IDX10 832 805 833 824 819 805 834 835 836 825
IDX10 826 825 836 829 837 830 838 830 837 831
IDX10 839 832 840 832 839 841 833 805 842 828
IDX10 843 827 843 828 834 805 844 845 846 838
IDX10 847 838 846 839 848 849 850 849 848 851
IDX10 841 805 799 800 835 836 835 800 801 842
IDX10 802 843 802 842 846 789 847 791 847 789
IDX10 795 796 848 850 848 796 809 851 805 844
IDX10 805 807 852 853 854 855 854 853 856 857
IDX10 858 859 858 857 860 861 852 853 852 861
IDX10 862 863 857 859 857 863 860 864 861 865
IDX10 861 864 866 867 864 865 864 867 862 868
IDX10 863 869 863 868 866 870 867 871 867 870
IDX10 872 873 868 869 868 873 870 874 871 875
IDX10 871 874 874 856 875 858 875 856 854 855
IDX10 872 873 872 855 876 877 878 879 878 877
IDX10 880 881 882 883 882 881 884 885 886 887
IDX10 886 885 888 889 890 891 890 889 892 893
IDX10 894 895 896 892 897 898 877 879 877 898
IDX10 899 900 884 885 884 900 890 891 901 902
IDX10 901 891 892 903 893 904 905 880 881 880
IDX10 905 906 895 892 899 907 900 908 900 907
IDX10 902 909 901 910 901 909 892 911 903 897
IDX10 912 898 913 898 912 914 915 904 905 904
IDX10 915 916 917 907 908 907 917 918 919 909
IDX10 910 909 919 920 911 892 906 892 921 922
IDX10 923 912 913 912 923 916 924 917 925 917
IDX10 924 918 926 919 927 919 926 928 920 892
IDX10 929 915 930 914 930 915 921 892 931 924
IDX10 932 925 933 925 932 926 934 927 935 927
IDX10 934 936 928 892 886 887 922 923 922 887
IDX10 888 929 889 930 889 929 932 876 933 878
IDX10 933 876 882 883 934 935 934 883 896 936
IDX10 892 931 892 894 937 938 939 940 939 938
IDX10 941 942 943 944 943 942 945 946 937 938
IDX10 937 946 947 948 942 944 942 948 945 949
IDX10 946 950 946 949 951 952 949 950 949 952
IDX10 947 953 948 954 948 953 951 955 952 956
IDX10 952 955 957 958 953 954 953 958 955 959
IDX10 956 960 956 959 959 941 960 943 960 941
IDX10 939 940 957 958 957 940 961 962 963 964
IDX10 963 962 964 962 965 966 965 962 967 968
IDX10 969 970 969 968 971 972 973 974 973 972
IDX10 962 975 966 976 966 975 970 968 977 978
IDX10 977 968 979 980 975 981 975 980 982 973
IDX10 983 974 983 973 981 984 975 976 975 984
IDX10 985 986 984 976 984 986 987 982 988 983
IDX10 988 982 977 978 989 990 989 978 991 965
IDX10 992 966 992 965 993 987 994 988 994 987
IDX10 995 996 997 998 997 996 999 1000 1001 1002
IDX10 1001 1000 1003 1004 994 993 994 1004 996 989
IDX10 998 990 998 989 1005 999 1006 1001 1006 999
IDX10 1004 1003 1007 1008 1007 1003 995 997 971 972
IDX10 971 997 969 1005 967 1006 967 1005 1007 1008
IDX10 1000 1002 1000 1008 1009 1010 1011 1012 1011 1010
IDX10 1013 1014 1015 1016 1015 1014 1017 1018 1019 1020
IDX10 1019 1018 1021 1022 1023 1024 1023 1022 1025 1026
IDX10 1027 1028 1029 1025 1030 1031 1010 1012 1010 1031
IDX10 1032 1033 1017 1018 1017 1033 1023 1024 1034 1035
IDX10 1034 1024 1025 1036 1026 1037 1038 1013 1014 1013
IDX10 1038 1039 1028 1025 1032 1040 1033 1041 1033 1040
IDX10 1035 1042 1034 1043 1034 1042 1025 1044 1036 1030
IDX10 1045 1031 1046 1031 1045 1047 1048 1037 1038 1037
IDX10 1048 1049 1050 1040 1041 1040 1050 1051 1052 1042
IDX10 1043 1042 1052 1053 1044 1025 1039 1025 1054 1055
IDX10 1056 1045 1046 1045 1056 1049 1057 1050 1058 1050
IDX10 1057 1051 1059 1052 1060 1052 1059 1061 1053 1025
IDX10 1062 1048 1063 1047 1063 1048 1054 1025 1064 1057
IDX10 1065 1058 1066 1058 1065 1059 1067 1060 1068 1060
IDX10 1067 1069 1061 1025 1019 1020 1055 1056 1055 1020
IDX10 1021 1062 1022 1063 1022 1062 1065 1009 1066 1011
IDX10 1066 1009 1015 1016 1067 1068 1067 1016 1029 1069
IDX10 1025 1064 1025 1027 1070 1071 1072 1073 1072 1071
IDX10 1074 1075 1076 1077 1076 1075 1078 1079 1070 1071
IDX10 1070 1079 1080 1081 1075 1077 1075 1081 1078 1082
IDX10 1079 1083 1079 1082 1084 1085 1082 1083 1082 1085
IDX10 1080 1086 1081 1087 1081 1086 1084 1088 1085 1089
IDX10 1085 1088 1090 1091 1086 1087 1086 1091 1088 1092
IDX10 1089 1093 1089 1092 1092 1074 1093 1076 1093 1074
IDX10 1072 1073 1090 1091 1090 1073 1094 1095 1096 1097
IDX10 1096 1095 1098 1099 1100 1101 1100 1099 1102 1103
IDX10 1104 1105 1104 1103 1106 1107 1108 1109 1108 1107
IDX10 1110 1111 1112 1113 1114 1110 1115 1116 1095 1097
IDX10 1095 1116 1117 1118 1102 1103 1102 1118 1108 1109
IDX10 1119 1120 1119 1109 1110 1121 1111 1122 1123 1098
IDX10 1099 1098 1123 1124 1113 1110 1117 1125 1118 1126
IDX10 1118 1125 1120 1127 1119 1128 1119 1127 1110 1129
IDX10 1121 1115 1130 1116 1131 1116 1130 1132 1133 1122
IDX10 1123 1122 1133 1134 1135 1125 1126 1125 1135 1136
IDX10 1137 1127 1128 1127 1137 1110 1138 1129 1124 1110
IDX10 1139 1140 1141 1130 1131 1130 1141 1134 1142 1135
IDX10 1143 1135 1142 1136 1144 1137 1145 1137 1144 1146
IDX10 1138 1110 1147 1133 1148 1132 1148 1133 1139 1110
IDX10 1149 1142 1150 1143 1151 1143 1150 1144 1152 1145
IDX10 1153 1145 1152 1154 1146 1110 1104 1105 1140 1141
IDX10 1140 1105 1106 1147 1107 1148 1107 1147 1150 1094
IDX10 1151 1096 1151 1094 1100 1101 1152 1153 1152 1101
IDX10 1114 1154 1110 1149 1110 1112 1155 1156 1157 1158
IDX10 1157 1156 1159 1160 1161 1162 1161 1160 1163 1164
IDX10 1155 1156 1155 1164 1165 1166 1160 1162 1160 1166
IDX10 1163 1167 1164 1168 1164 1167 1169 1170 1167 1168
IDX10 1167 1170 1165 1171 1166 1172 1166 1171 1169 1173
IDX10 1170 1174 1170 1173 1175 1176 1171 1172 1171 1176
IDX10 1173 1177 1174 1178 1174 1177 1177 1159 1178 1161
IDX10 1178 1159 1157 1158 1175 1176 1175 1158 1179 1180
IDX10 1181 1182 1181 1180 1183 1184 1185 1186 1185 1184
IDX10 1187 1188 1189 1190 1189 1188 1191 1192 1193 1194
IDX10 1193 1192 1195 1196 1197 1198 1199 1195 1200 1201
IDX10 1202 1182 1202 1201 1203 1204 1187 1188 1187 1204
IDX10 1193 1194 1205 1206 1205 1194 1195 1207 1196 1208
IDX10 1209 1183 1210 1183 1209 1211 1198 1195 1212 1213
IDX10 1204 1214 1204 1213 1206 1215 1216 1217 1216 1215
IDX10 1195 1218 1207 1200 1219 1201 1220 1201 1219 1221
IDX10 1222 1208 1209 1208 1222 1223 1224 1213 1214 1213
IDX10 1224 1225 1226 1215 1217 1215 1226 1195 1227 1218
IDX10 1211 1195 1228 1229 1230 1231 1220 1231 1230 1232
IDX10 1233 1224 1234 1224 1233 1225 1235 1236 1237 1236
IDX10 1235 1238 1227 1195 1239 1240 1241 1221 1241 1240
IDX10 1228 1195 1242 1233 1243 1234 1244 1234 1243 1235
IDX10 1245 1237 1246 1237 1245 1247 1238 1195 1248 1190
IDX10 1229 1230 1229 1190 1192 1249 1241 1239 1241 1249
IDX10 1250 1179 1244 1181 1244 1179 1245 1185 1251 1186
IDX10 1251 1185 1199 1247 1195 1242 1195 1197 1252 1253
IDX10 1254 1255 1254 1253 1256 1257 1258 1259 1258 1257
IDX10 1260 1261 1253 1255 1253 1261 1257 1262 1259 1263
IDX10 1259 1262 1260 1264 1261 1265 1261 1264 1266 1267
IDX10 1264 1265 1264 1267 1268 1269 1262 1263 1262 1269
IDX10 1266 1270 1267 1271 1267 1270 1272 1273 1268 1269
IDX10 1268 1273 1274 1275 1270 1271 1270 1275 1274 1256
IDX10 1275 1258 1275 1256 1252 1254 1272 1273 1272 1254
IDX10 1276 1277 1278 1279 1278 1277 1280 1281 1282 1283
IDX10 1282 1281 1284 1285 1286 1287 1286 1285 1288 1289
IDX10 1290 1291 1290 1289 1292 1293 1294 1295 1296 1292
IDX10 1297 1298 1277 1279 1277 1298 1299 1300 1284 1285
IDX10 1284 1300 1288 1301 1289 1302 1289 1301 1292 1303
IDX10 1293 1304 1305 1280 1281 1280 1305 1306 1295 1292
IDX10 1299 1307 1300 1308 1300 1307 1301 1309 1302 1310
IDX10 1302 1309 1292 1311 1303 1297 1312 1298 1313 1298
IDX10 1312 1314 1315 1304 1305 1304 1315 1316 1317 1307
IDX10 1308 1307 1317 1318 1319 1309 1310 1309 1319 1292
IDX10 1320 1311 1306 1292 1321 1322 1323 1312 1313 1312
IDX10 1323 1316 1324 1317 1325 1317 1324 1326 1327 1318
IDX10 1319 1318 1327 1328 1320 1292 1329 1315 1330 1314
IDX10 1330 1315 1321 1292 1331 1324 1332 1325 1333 1325
IDX10 1332 1326 1334 1327 1335 1327 1334 1336 1328 1292
IDX10 1286 1287 1322 1323 1322 1287 1290 1291 1330 1329
IDX10 1330 1291 1332 1276 1333 1278 1333 1276 1334 1282
IDX10 1335 1283 1335 1282 1296 1336 1292 1331 1292 1294
IDX10 1337 1338 1339 1340 1339 1338 1341 1342 1343 1344
IDX10 1343 1342 1345 1346 1337 1338 1337 1346 1347 1348
IDX10 1342 1344 1342 1348 1345 1349 1346 1350 1346 1349
IDX10 1351 1352 1349 1350 1349 1352 1347 1353 1348 1354
IDX10 1348 1353 1351 1355 1352 1356 1352 1355 1357 1358
IDX10 1353 1354 1353 1358 1355 1359 1356 1360 1356 1359
IDX10 1359 1341 1360 1343 1360 1341 1339 1340 1357 1358
IDX10 1357 1340 1361 1362 1363 1364 1363 1362 1365 1366
IDX10 1367 1368 1367 1366 1369 1370 1371 1372 1371 1370
IDX10 1373 1374 1375 1376 1375 1374 1377 1378 1379 1380
IDX10 1381 1377 1382 1383 1362 1364 1362 1383 1384 1385
IDX10 1369 1370 1369 1385 1375 1376 1386 1387 1386 1376
IDX10 1377 1388 1378 1389 1390 1365 1366 1365 1390 1391
IDX10 1380 1377 1384 1392 1385 1393 1385 1392 1387 1394
IDX10 1386 1395 1386 1394 1377 1396 1388 1382 1397 1383
IDX10 1398 1383 1397 1399 1400 1389 1390 1389 1400 1401
IDX10 1402 1392 1393 1392 1402 1403 1404 1394 1395 1394
IDX10 1404 1405 1396 1377 1391 1377 1406 1407 1408 1397
IDX10 1398 1397 1408 1401 1409 1402 1410 1402 1409 1403
IDX10 1411 1404 1412 1404 1411 1413 1405 1377 1414 1400
IDX10 1415 1399 1415 1400 1406 1377 1416 1409 1417 1410
IDX10 1418 1410 1417 1411 1419 1412 1420 1412 1419 1421
IDX10 1413 1377 1371 1372 1407 1408 1407 1372 1373 1414
IDX10 1374 1415 1374 1414 1417 1361 1418 1363 1418 1361
IDX10 1367 1368 1419 1420 1419 1368 1381 1421 1377 1416
IDX10 1377 1379 1422 1423 1424 1425 1424 1423 1426 1427
IDX10 1428 1429 1428 1427 1430 1431 1422 1423 1422 1431
IDX10 1432 1433 1427 1429 1427 1433 1430 1434 1431 1435
IDX10 1431 1434 1436 1437 1434 1435 1434 1437 1432 1438
IDX10 1433 1439 1433 1438 1436 1440 1437 1441 1437 1440
IDX10 1442 1443 1438 1439 1438 1443 1440 1444 1441 1445
IDX10 1441 1444 1444 1426 1445 1428 1445 1426 1424 1425
IDX10 1442 1443 1442 1425 1446 1447 1448 1449 1448 1450
IDX10 1451 1446 1448 1452 1451 1448 1448 1453 1454 1455
IDX10 1452 1448 1450 1448 1454 1456 1457 1458 1459 1458
IDX10 1457 1460 1461 1462 1463 1462 1461 1448 1464 1453
IDX10 1465 1466 1456 1457 1456 1466 1467 1455 1448 1468
IDX10 1469 1461 1463 1461 1469 1465 1470 1466 1471 1466
IDX10 1470 1448 1472 1464 1473 1474 1470 1471 1470 1474
IDX10 1468 1475 1469 1476 1469 1475 1473 1477 1474 1478
IDX10 1474 1477 1479 1480 1475 1476 1475 1480 1448 1447
IDX10 1472 1467 1448 1449 1477 1481 1478 1482 1478 1481
IDX10 1481 1460 1482 1462 1482 1460 1458 1459 1479 1480
IDX10 1479 1459 1483 1484 1485 1486 1485 1487 1488 1483
IDX10 1485 1489 1488 1485 1485 1490 1491 1492 1489 1485
IDX10 1487 1485 1491 1493 1494 1495 1496 1495 1494 1497
IDX10 1498 1499 1500 1499 1498 1485 1501 1490 1502 1503
IDX10 1493 1494 1493 1503 1504 1492 1485 1505 1506 1498
IDX10 1500 1498 1506 1502 1507 1503 1508 1503 1507 1485
IDX10 1509 1501 1510 1511 1507 1508 1507 1511 1505 1512
IDX10 1506 1513 1506 1512 1510 1514 1511 1515 1511 1514
IDX10 1516 1517 1512 1513 1512 1517 1484 1509 1485 1504
IDX10 1485 1486 1514 1518 1515 1519 1515 1518 1518 1497
IDX10 1519 1499 1519 1497 1495 1496 1516 1517 1516 1496
IDX10 1520 1521 1522 1523 1522 1521 1524 1525 1526 1527
IDX10 1526 1525 1528 1529 1530 1531 1530 1529 1532 1533
IDX10 1534 1535 1534 1533 1536 1537 1538 1539 1540 1536
IDX10 1541 1542 1521 1523 1521 1542 1543 1544 1528 1529
IDX10 1528 1544 1534 1535 1545 1546 1545 1535 1536 1547
IDX10 1537 1548 1549 1524 1525 1524 1549 1550 1539 1536
IDX10 1543 1551 1544 1552 1544 1551 1546 1553 1545 1554
IDX10 1545 1553 1536 1555 1547 1541 1556 1542 1557 1542
IDX10 1556 1558 1559 1548 1549 1548 1559 1560 1561 1551
IDX10 1552 1551 1561 1562 1563 1553 1554 1553 1563 1564
IDX10 1555 1536 1550 1536 1565 1566 1567 1556 1557 1556
IDX10 1567 1560 1568 1561 1569 1561 1568 1562 1570 1563
IDX10 1571 1563 1570 1572 1564 1536 1573 1559 1574 1558
IDX10 1574 1559 1565 1536 1575 1568 1576 1569 1577 1569
IDX10 1576 1570 1578 1571 1579 1571 1578 1580 1572 1536
IDX10 1530 1531 1566 1567 1566 1531 1532 1573 1533 1574
IDX10 1533 1573 1576 1520 1577 1522 1577 1520 1526 1527
IDX10 1578 1579 1578 1527 1540 1580 1536 1575 1536 1538
IDX10 1581 1582 1583 1584 1583 1582 1585 1586 1587 1588
IDX10 1587 1586 1589 1590 1581 1582 1581 1590 1591 1592
IDX10 1586 1588 1586 1592 1589 1593 1590 1594 1590 1593
IDX10 1595 1596 1593 1594 1593 1596 1591 1597 1592 1598
IDX10 1592 1597 1595 1599 1596 1600 1596 1599 1601 1602
IDX10 1597 1598 1597 1602 1599 1603 1600 1604 1600 1603
IDX10 1603 1585 1604 1587 1604 1585 1583 1584 1601 1602
IDX10 1601 1584 1605 1606 1607 1608 1607 1606 1609 1610
IDX10 1611 1612 1611 1610 1613 1614 1615 1616 1615 1614
IDX10 1617 1618 1619 1620 1619 1618 1621 1622 1623 1624
IDX10 1625 1621 1626 1627 1606 1608 1606 1627 1628 1629
IDX10 1613 1614 1613 1629 1619 1620 1630 1631 1630 1620
IDX10 1621 1632 1622 1633 1634 1609 1610 1609 1634 1635
IDX10 1624 1621 1628 1636 1629 1637 1629 1636 1631 1638
IDX10 1630 1639 1630 1638 1621 1640 1632 1626 1641 1627
IDX10 1642 1627 1641 1643 1644 1633 1634 1633 1644 1645
IDX10 1646 1636 1637 1636 1646 1647 1648 1638 1639 1638
IDX10 1648 1649 1640 1621 1635 1621 1650 1651 1652 1641
IDX10 1642 1641 1652 1645 1653 1646 1654 1646 1653 1647
IDX10 1655 1648 1656 1648 1655 1657 1649 1621 1658 1644
IDX10 1659 1643 1659 1644 1650 1621 1660 1653 1661 1654
IDX10 1662 1654 1661 1655 1663 1656 1664 1656 1663 1665
IDX10 1657 1621 1615 1616 1651 1652 1651 1616 1617 1658
IDX10 1618 1659 1618 1658 1661 1605 1662 1607 1662 1605
IDX10 1611 1612 1663 1664 1663 1612 1625 1665 1621 1660
IDX10 1621 1623 1666 1667 1668 1669 1668 1667 1670 1671
IDX10 1672 1673 1672 1671 1674 1675 1666 1667 1666 1675
IDX10 1676 1677 1671 1673 1671 1677 1674 1678 1675 1679
IDX10 1675 1678 1680 1681 1678 1679 1678 1681 1676 1682
IDX10 1677 1683 1677 1682 1680 1684 1681 1685 1681 1684
IDX10 1686 1687 1682 1683 1682 1687 1684 1688 1685 1689
IDX10 1685 1688 1688 1670 1689 1672 1689 1670 1668 1669
IDX10 1686 1687 1686 1669 1690 1691 1692 1693 1692 1691
IDX10 1693 1691 1694 1695 1694 1691 1696 1697 1698 1699
IDX10 1698 1697 1700 1701 1702 1703 1702 1701 1691 1704
IDX10 1695 1705 1695 1704 1698 1699 1706 1707 1706 1699
IDX10 1708 1709 1704 1710 1704 1709 1711 1702 1712 1703
IDX10 1712 1702 1710 1713 1704 1705 1704 1713 1714 1715
IDX10 1713 1705 1713 1715 1716 1711 1717 1712 1717 1711
IDX10 1706 1707 1718 1719 1718 1707 1720 1694 1721 1695
IDX10 1721 1694 1722 1716 1723 1717 1723 1716 1724 1725
IDX10 1726 1727 1726 1725 1728 1729 1730 1731 1730 1729
IDX10 1732 1722 1733 1723 1733 1722 1725 1718 1727 1719
IDX10 1727 1718 1734 1728 1735 1730 1735 1728 1732 1733
IDX10 1736 1737 1736 1733 1724 1726 1700 1701 1700 1726
IDX10 1696 1734 1697 1735 1697 1734 1736 1737 1729 1731
IDX10 1729 1737 1738 1739 1740 1741 1740 1739 1742 1743
IDX10 1744 1745 1744 1743 1746 1747 1748 1749 1748 1747
IDX10 1750 1751 1752 1753 1752 1751 1754 1755 1756 1757
IDX10 1754 1758 1741 1739 1759 1760 1759 1739 1761 1762
IDX10 1747 1749 1747 1762 1751 1763 1753 1764 1753 1763
IDX10 1765 1755 1754 1766 1742 1767 1744 1767 1742 1758
IDX10 1754 1768 1759 1760 1769 1770 1769 1760 1763 1771
IDX10 1764 1772 1764 1771 1773 1765 1754 1769 1770 1774
IDX10 1775 1774 1770 1766 1767 1776 1777 1776 1767 1778
IDX10 1779 1761 1762 1761 1779 1780 1781 1771 1772 1771
IDX10 1781 1782 1773 1754 1754 1783 1768 1774 1775 1784
IDX10 1785 1784 1775 1778 1786 1779 1787 1779 1786 1788
IDX10 1789 1780 1781 1780 1789 1790 1782 1754 1776 1777
IDX10 1791 1792 1791 1777 1754 1793 1783 1785 1794 1784
IDX10 1795 1784 1794 1796 1797 1788 1789 1788 1797 1798
IDX10 1790 1754 1794 1746 1795 1748 1795 1746 1791 1792
IDX10 1752 1750 1752 1792 1786 1738 1787 1740 1787 1738
IDX10 1745 1743 1796 1797 1796 1743 1798 1754 1757 1754
IDX10 1756 1793 1799 1800 1801 1802 1801 1800 1803 1804
IDX10 1805 1806 1805 1804 1807 1808 1809 1810 1809 1808
IDX10 1811 1812 1813 1814 1813 1812 1815 1816 1817 1818
IDX10 1815 1819 1820 1821 1800 1802 1800 1821 1808 1822
IDX10 1810 1823 1810 1822 1812 1824 1814 1825 1814 1824
IDX10 1826 1816 1815 1827 1803 1828 1805 1828 1803 1819
IDX10 1815 1829 1823 1822 1830 1831 1830 1822 1824 1832
IDX10 1825 1833 1825 1832 1834 1826 1815 1835 1836 1820
IDX10 1821 1820 1836 1827 1828 1837 1838 1837 1828 1830
IDX10 1831 1839 1840 1839 1831 1841 1842 1832 1833 1832
IDX10 1842 1843 1834 1815 1815 1844 1829 1835 1845 1836
IDX10 1846 1836 1845 1840 1847 1839 1848 1839 1847 1849
IDX10 1850 1841 1842 1841 1850 1851 1843 1815 1837 1838
IDX10 1852 1853 1852 1838 1815 1854 1844 1847 1855 1848
IDX10 1856 1848 1855 1857 1858 1849 1850 1849 1858 1859
IDX10 1851 1815 1845 1807 1846 1809 1846 1807 1852 1853
IDX10 1813 1811 1813 1853 1855 1799 1856 1801 1856 1799
IDX10 1806 1804 1857 1858 1857 1804 1859 1815 1818 1815
IDX10 1817 1854 1860 1861 1862 1863 1862 1861 1864 1865
IDX10 1866 1867 1866 1865 1863 1861 1868 1869 1868 1861
IDX10 1870 1871 1865 1867 1865 1871 1868 1869 1872 1873
IDX10 1872 1869 1872 1873 1874 1875 1874 1873 1876 1877
IDX10 1870 1871 1870 1877 1874 1875 1878 1879 1878 1875
IDX10 1876 1880 1877 1881 1877 1880 1879 1882 1878 1883
IDX10 1878 1882 1882 1864 1883 1866 1883 1864 1880 1860
IDX10 1881 1862 1881 1860 1884 1885 1886 1887 1886 1885
IDX10 1888 1889 1890 1891 1890 1889 1892 1888 1893 1890
IDX10 1893 1888 1886 1887 1894 1895 1894 1887 1896 1892
IDX10 1897 1893 1897 1892 1898 1894 1899 1895 1899 1894
IDX10 1896 1897 1900 1901 1900 1897 1902 1900 1903 1901
IDX10 1903 1900 1898 1899 1904 1905 1904 1899 1902 1903
IDX10 1906 1907 1906 1903 1889 1904 1891 1905 1891 1904
IDX10 1906 1907 1884 1885 1884 1907 1908 1909 1910 1911
IDX10 1912 1909 1913 1914 1915 1916 1915 1914 1917 1918
IDX10 1919 1920 1919 1918 1921 1922 1923 1924 1923 1922
IDX10 1925 1926 1927 1928 1927 1926 1912 1929 1909 1930
IDX10 1915 1931 1916 1931 1915 1932 1917 1933 1919 1933
IDX10 1917 1934 1909 1908 1922 1935 1924 1936 1924 1935
IDX10 1929 1937 1909 1938 1930 1939 1931 1939 1930 1940
IDX10 1932 1941 1933 1941 1932 1927 1928 1942 1943 1942
IDX10 1928 1944 1909 1934 1937 1945 1909 1938 1939 1946
IDX10 1947 1946 1939 1940 1941 1948 1949 1948 1941 1936
IDX10 1935 1950 1951 1950 1935 1952 1942 1953 1943 1953
IDX10 1942 1909 1945 1954 1955 1946 1956 1947 1956 1946
IDX10 1957 1948 1958 1949 1958 1948 1944 1959 1909 1950
IDX10 1951 1960 1961 1960 1951 1909 1954 1962 1963 1964
IDX10 1956 1955 1956 1964 1957 1958 1965 1966 1965 1958
IDX10 1952 1953 1967 1968 1967 1953 1959 1911 1909 1909
IDX10 1962 1910 1921 1923 1963 1964 1963 1923 1965 1966
IDX10 1925 1926 1925 1966 1960 1961 1913 1914 1913 1961
IDX10 1918 1967 1920 1968 1920 1967 1969 1970 1971 1972
IDX10 1971 1970 1973 1974 1975 1976 1975 1974 1977 1973
IDX10 1978 1975 1978 1973 1979 1980 1981 1982 1983 1980
IDX10 1971 1972 1984 1985 1984 1972 1977 1978 1986 1987
IDX10 1986 1978 1988 1984 1989 1985 1989 1984 1986 1987
IDX10 1990 1991 1990 1987 1980 1983 1992 1990 1991 1993
IDX10 1994 1993 1991 1995 1988 1996 1989 1996 1988 1979
IDX10 1997 1980 1994 1998 1993 1999 1993 1998 1980 1992
IDX10 2000 1974 1995 1976 1996 1976 1995 1999 1998 1969
IDX10 1970 1969 1998 2001 1980 2002 1997 2003 1980 1980
IDX10 2000 2002 2003 2004 1980 2004 2005 1980 1981 1980
IDX10 2001 2005 1982 1980 2006 2007 2008 2009 2008 2010
IDX10 2011 2006 2008 2012 2011 2008 2008 2013 2014 2015
IDX10 2012 2008 2010 2008 2014 2016 2017 2018 2019 2018
IDX10 2017 2020 2021 2022 2023 2022 2021 2008 2024 2013
IDX10 2025 2017 2026 2016 2026 2017 2027 2015 2008 2021
IDX10 2028 2023 2029 2023 2028 2030 2031 2026 2025 2026
IDX10 2031 2008 2032 2024 2033 2034 2030 2031 2030 2034
IDX10 2028 2035 2029 2036 2029 2035 2037 2038 2033 2034
IDX10 2033 2038 2039 2040 2035 2036 2035 2040 2007 2032
IDX10 2008 2027 2008 2009 2037 2041 2038 2042 2038 2041
IDX10 2041 2020 2042 2022 2042 2020 2018 2019 2039 2040
IDX10 2039 2019 2043 2044 2045 2046 2045 2044 2047 2048
IDX10 2044 2046 2044 2048 2049 2050 2047 2048 2047 2050
IDX10 2051 2052 2053 2054 2053 2052 2051 2043 2052 2045
IDX10 2052 2043 2055 2056 2057 2058 2059 2060 2061 2060
IDX10 2059 2062 2063 2064 2065 2055 2057 2066 2067 2059
IDX10 2061 2059 2067 2064 2063 2068 2069 2055 2065 2066
IDX10 2070 2067 2071 2067 2070 2063 2072 2068 2073 2074
IDX10 2075 2070 2076 2071 2077 2071 2076 2078 2079 2080
IDX10 2074 2081 2075 2077 2076 2082 2083 2082 2076 2084
IDX10 2079 2078 2075 2081 2085 2083 2086 2082 2087 2082
IDX10 2086 2088 2084 2078 2089 2090 2091 2092 2091 2090
IDX10 2093 2094 2095 2096 2095 2094 2097 2098 2089 2099
IDX10 2089 2098 2100 2101 2102 2103 2102 2101 2104 2105
IDX10 2106 2107 2106 2105 2108 2109 2110 2111 2110 2109
IDX10 2112 2113 2114 2115 2114 2113 2116 2117 2118 2119
IDX10 2118 2117 2120 2121 2122 2115 2122 2121 2123 2124
IDX10 2121 2125 2121 2124 2121 2125 2126 2127 2126 2125
IDX10 2110 2111 2128 2114 2128 2111 2129 2130 2131 2132
IDX10 2131 2130 2133 2134 2135 2136 2135 2134 2124 2096
IDX10 2125 2137 2125 2096 2138 2139 2097 2140 2097 2139
IDX10 2116 2118 2138 2141 2138 2118 2142 2129 2143 2131
IDX10 2143 2129 2144 2132 2145 2130 2145 2132 2125 2137
IDX10 2127 2146 2127 2137 2147 2148 2149 2150 2151 2152
IDX10 2153 2154 2155 2156 2157 2158 2159 2160 2161 2162
IDX10 2161 2160 2163 2164 2153 2165 2166 2156 2167 2168
IDX10 2169 2170 2169 2168 2171 2172 2173 2174 2173 2172
IDX10 2175 2176 2177 2178 2177 2176 2179 2180 2181 2181
IDX10 2180 2182 2183 2182 2180 2184 2185 2170 2170 2185
IDX10 2169 2186 2169 2185 2173 2174 2187 2187 2174 2188
IDX10 2189 2188 2174 2190 2178 2191 2178 2176 2191 2192
IDX10 2191 2176 2193 2194 2195 2194 2196 2195 2195 2196
IDX10 2197 2196 2198 2197 2197 2198 2199 2200 2199 2198
IDX10 2201 2193 2202 2202 2193 2203 2193 2195 2203 2197
IDX10 2203 2195 2197 2204 2205 2205 2204 2206 2207 2206
IDX10 2204 2200 2208 2209 2208 2210 2209 2210 2211 2209
IDX10 2211 2212 2209 2212 2213 2209 2214 2209 2213 2197
IDX10 2199 2204 2199 2200 2204 2200 2209 2204 2204 2209
IDX10 2207 2207 2209 2215 2214 2215 2209 2207 2215 2216
IDX10 2215 2214 2216 2216 2214 2217 2218 2217 2214 2219
IDX10 2220 2221 2220 2222 2221 2223 2221 2222 2224 2225
IDX10 2226 2226 2225 2227 2228 2227 2225 2229 2230 2231
IDX10 2231 2230 2232 2233 2232 2230 2234 2235 2236 2235
IDX10 2237 2236 2238 2236 2237 2239 2240 2241 2242 2241
IDX10 2240 2243 2244 2245 2246 2245 2244 2247 2248 2249
IDX10 2249 2248 2250 2251 2250 2248 2252 2253 2254 2253
IDX10 2255 2254 2256 2254 2255 2257 2258 2259 2260 2259
IDX10 2258 2261 2262 2263 2262 2264 2263 2265 2263 2264
IDX10 2266 2267 2268 2267 2269 2268 2270 2268 2269 2271
IDX10 2272 2273 2273 2272 2274 2275 2274 2272 2276 2277
IDX10 2278 2279 2278 2277 2280 2281 2282 2283 2282 2281
IDX10 2284 2285 2286 2287 2286 2285 2288 2289 2290 2290
IDX10 2289 2291 2292 2291 2289 2293 2294 2295 2296 2295
IDX10 2294 2297 2298 2299 2300 2299 2298 2301 2293 2302
IDX10 2295 2302 2293 2303 2304 2302 2301 2302 2304 2305
IDX10 2306 2307 2306 2305 2308 2309 2308 2305 2308 2309
IDX10 2310 2311 2310 2309 2312 2313 2287 2304 2287 2313
IDX10 2314 2307 2315 2316 2317 2315 2314 2315 2317 2316
IDX10 2318 2317 2319 2317 2318 2320 2278 2321 2280 2321
IDX10 2278 2278 2279 2280 2281 2280 2279 2286 2287 2303
IDX10 2304 2303 2287 2306 2322 2307 2322 2306 2323 2308
IDX10 2323 2306 2323 2308 2324 2310 2324 2308 2325 2307
IDX10 2314 2317 2326 2314 2325 2314 2326 2319 2327 2317
IDX10 2326 2317 2327 2322 2160 2307 2160 2322 2162 2323
IDX10 2162 2322 2328 2307 2325 2326 2329 2325 2328 2325
IDX10 2329 2147 2330 2148 2331 2148 2330 2330 2147 2294
IDX10 2282 2294 2147 2294 2282 2296 2283 2296 2282 2157
IDX10 2156 2332 2166 2332 2156 2332 2166 2298 2285 2298
IDX10 2166 2298 2285 2300 2284 2300 2285 2307 2160 2159
IDX10 2333 2307 2328 2328 2329 2333 2334 2333 2329 2335
IDX10 2331 2336 2330 2336 2331 2336 2330 2293 2294 2293
IDX10 2330 2337 2290 2338 2291 2338 2290 2163 2158 2164
IDX10 2157 2164 2158 2164 2157 2339 2332 2339 2157 2339
IDX10 2332 2297 2298 2297 2332 2340 2180 2341 2179 2341
IDX10 2180 2333 2342 2307 2333 2334 2342 2343 2342 2334
IDX10 2335 2336 2152 2150 2152 2336 2150 2336 2301 2293
IDX10 2301 2336 2344 2337 2345 2345 2337 2346 2338 2346
IDX10 2337 2307 2159 2347 2348 2347 2161 2159 2161 2347
IDX10 2154 2153 2339 2164 2339 2153 2154 2339 2276 2297
IDX10 2276 2339 2342 2305 2307 2342 2343 2305 2309 2305
IDX10 2343 2343 2349 2309 2311 2309 2349 2276 2297 2277
IDX10 2299 2277 2297 2307 2347 2315 2316 2315 2348 2347
IDX10 2348 2315 2318 2316 2350 2348 2350 2316 2351 2352
IDX10 2353 2354 2353 2352 2355 2356 2357 2358 2357 2356
IDX10 2359 2360 2361 2362 2361 2360 2363 2364 2365 2366
IDX10 2365 2364 2361 2362 2367 2368 2367 2362 2353 2354
IDX10 2369 2370 2369 2354 2371 2363 2372 2365 2372 2363
IDX10 2355 2373 2356 2374 2356 2373 2375 2376 2359 2360
IDX10 2359 2376 2369 2370 2377 2378 2377 2370 2379 2380
IDX10 2381 2382 2381 2380 2383 2384 2364 2366 2364 2384
IDX10 2385 2386 2387 2388 2387 2386 2373 2389 2374 2390
IDX10 2374 2389 2391 2392 2393 2394 2393 2392 2395 2396
IDX10 2397 2398 2397 2396 2132 2144 2131 2144 2399 2131
IDX10 2131 2399 2143 2400 2143 2399 2401 2402 2403 2402
IDX10 2404 2403 2403 2404 2405 2406 2405 2404 2321 2280
IDX10 2149 2149 2280 2147 2282 2147 2280 2313 2151 2304
IDX10 2151 2150 2304 2301 2304 2150 2154 2276 2155 2276
IDX10 2278 2155 2320 2155 2278 2166 2165 2285 2285 2165
IDX10 2287 2312 2287 2165 2407 2408 2409 2410 2409 2408
IDX10 2411 2412 2413 2414 2413 2412 2409 2410 2415 2416
IDX10 2415 2410 2417 2413 2418 2414 2418 2413 2419 2420
IDX10 2421 2422 2423 2424 2421 2424 2423 2420 2425 2426
IDX10 2427 2426 2425 2424 2428 2422 2425 2420 2419 2423
IDX10 2429 2421 2419 2421 2429 2430 2431 2432 2433 2432
IDX10 2431 2431 2434 2433 2435 2433 2434 2436 2437 2430
IDX10 2431 2430 2437 2437 2438 2431 2434 2431 2438 2439
IDX10 2440 2441 2442 2441 2440 2443 2442 2440 2444 2439
IDX10 2441 2445 2446 2447 2448 2447 2446 2447 2448 2449
IDX10 2450 2449 2448 2451 2449 2452 2450 2452 2449 2453
IDX10 2451 2454 2452 2454 2451 2455 2456 2457 2458 2457
IDX10 2456 2459 2460 2461 2462 2461 2460 2463 2464 2465
IDX10 2466 2465 2464 2467 2468 2469 2470 2471 2472 2473
IDX10 2472 2471 2474 2475 2476 2477 2468 2467 2474 2476
IDX10 2478 2465 2466 2459 2460 2459 2466 2474 2468 2479
IDX10 2480 2479 2468 2475 2474 2481 2479 2481 2474 2468
IDX10 2477 2480 2482 2480 2477 2483 2484 2474 2468 2474
IDX10 2484 2474 2478 2483 2469 2468 2484 2485 2470 2486
IDX10 2472 2486 2470 2487 2485 2488 2486 2488 2485 2489
IDX10 2490 2491 2492 2491 2490 2493 2494 2495 2496 2495
IDX10 2494 2497 2498 2493 2494 2493 2498 2495 2496 2499
IDX10 2500 2499 2496 2491 2492 2501 2502 2501 2492 2503
IDX10 2504 2505 2506 2498 2507 2497 2507 2498 2508 2509
IDX10 2510 2505 2504 2511 2509 2512 2510 2501 2502 2500
IDX10 2499 2500 2502 2513 2514 2505 2510 2505 2514 2514
IDX10 2515 2510 2508 2510 2515 2516 2513 2511 2505 2511
IDX10 2513 2505 2510 2517 2518 2517 2510 2512 2518 2510
IDX10 2517 2503 2505 2519 2506 2520 2507 2520 2506 2521
IDX10 2519 2522 2520 2522 2519 2523 2524 2525 2526 2525
IDX10 2524 2527 2528 2529 2530 2531 2532 2533 2532 2531
IDX10 2534 2535 2536 2537 2538 2539 2540 2539 2538 2541
IDX10 2542 2543 2544 2545 2546 2547 2546 2545 2548 2549
IDX10 2550 2538 2551 2540 2552 2540 2551 2553 2532 2554
IDX10 2533 2554 2532 2555 2556 2523 2524 2523 2556 2545
IDX10 2557 2547 2558 2547 2557 2559 2560 2530 2531 2530
IDX10 2560 2557 2537 2558 2539 2558 2537 2525 2526 2559
IDX10 2560 2559 2526 2561 2562 2563 2564 2563 2562 2544
IDX10 2546 2562 2564 2562 2546 2555 2561 2556 2563 2556
IDX10 2561 2565 2553 2566 2554 2566 2553 2565 2566 2551
IDX10 2552 2551 2566 2542 2567 2543 2568 2535 2569 2527
IDX10 2529 2570 2549 2571 2550 2569 2535 2534 2527 2535
IDX10 2550 2543 2550 2535 2543 2567 2550 2548 2550 2567
IDX10 2570 2536 2527 2535 2527 2536 2572 2527 2573 2550
IDX10 2573 2527 2550 2571 2573 2527 2572 2528 2535 2568
IDX10 2543 2574 2543 2568 2574 2541 2543 2575 2576 2577
IDX10 2578 2577 2576 2579 2580 2581 2582 2583 2584 2585
IDX10 2584 2583 2586 2587 2588 2589 2590 2591 2592 2591
IDX10 2590 2593 2594 2595 2596 2597 2598 2599 2598 2597
IDX10 2600 2601 2602 2591 2592 2603 2604 2603 2592 2584
IDX10 2585 2605 2606 2605 2585 2607 2575 2608 2577 2608
IDX10 2575 2598 2599 2609 2610 2609 2599 2611 2583 2612
IDX10 2582 2612 2583 2609 2610 2589 2590 2589 2610 2576
IDX10 2611 2578 2612 2578 2611 2613 2614 2615 2616 2615
IDX10 2614 2615 2616 2596 2597 2596 2616 2607 2608 2613
IDX10 2614 2613 2608 2605 2606 2617 2618 2617 2606 2617
IDX10 2618 2604 2603 2604 2618 2595 2594 2619 2620 2621
IDX10 2588 2622 2580 2579 2600 2602 2623 2587 2620 2588
IDX10 2600 2580 2595 2588 2595 2580 2601 2600 2619 2595
IDX10 2619 2600 2580 2622 2588 2586 2588 2622 2624 2625
IDX10 2600 2580 2600 2625 2600 2623 2624 2581 2580 2625
IDX10 2595 2588 2626 2621 2626 2588 2626 2593 2595 2627
IDX10 2628 2463 2464 2463 2628 2461 2462 2629 2630 2629
IDX10 2462 2629 2630 2471 2473 2471 2630 2631 2632 2633
IDX10 2634 2633 2632 2635 2636 2637 2638 2635 2639 2640
IDX10 2633 2641 2634 2641 2633 2642 2643 2644 2645 2644
IDX10 2643 2646 2635 2638 2647 2640 2648 2641 2648 2640
IDX10 2635 2637 2649 2646 2650 2635 2651 2647 2652 2648
IDX10 2652 2647 2642 2644 2653 2654 2653 2644 2650 2655
IDX10 2635 2656 2657 2652 2651 2652 2657 2635 2649 2658
IDX10 2655 2659 2635 2660 2661 2656 2657 2656 2661 2653
IDX10 2654 2662 2663 2662 2654 2659 2664 2635 2665 2666
IDX10 2660 2661 2660 2666 2667 2635 2658 2664 2668 2635
IDX10 2669 2670 2665 2666 2665 2670 2662 2663 2671 2672
IDX10 2671 2663 2668 2673 2635 2674 2675 2669 2670 2669
IDX10 2675 2676 2635 2667 2673 2677 2635 2678 2675 2679
IDX10 2674 2679 2675 2671 2672 2631 2632 2631 2672 2635
IDX10 2677 2636 2643 2678 2645 2679 2645 2678 2639 2635
IDX10 2676 2680 2681 2682 2683 2682 2681 2684 2685 2686
IDX10 2687 2684 2688 2682 2683 2689 2690 2689 2683 2691
IDX10 2692 2693 2694 2693 2692 2695 2684 2687 2689 2690
IDX10 2696 2697 2696 2690 2684 2686 2698 2695 2699 2684
IDX10 2696 2697 2700 2701 2700 2697 2702 2691 2703 2693
IDX10 2703 2691 2699 2704 2684 2700 2701 2705 2706 2705
IDX10 2701 2684 2698 2707 2704 2708 2684 2709 2705 2710
IDX10 2706 2710 2705 2702 2703 2711 2712 2711 2703 2708
IDX10 2713 2684 2714 2709 2715 2710 2715 2709 2716 2684
IDX10 2707 2713 2717 2684 2718 2714 2719 2715 2719 2714
IDX10 2711 2712 2720 2721 2720 2712 2717 2722 2684 2723
IDX10 2718 2724 2719 2724 2718 2725 2684 2716 2722 2726
IDX10 2684 2727 2723 2728 2724 2728 2723 2720 2721 2680
IDX10 2681 2680 2721 2684 2726 2685 2692 2727 2694 2728
IDX10 2694 2727 2688 2684 2725 2729 2730 2731 2732 2731
IDX10 2730 2733 2729 2734 2731 2734 2729 2735 2736 2737
IDX10 2738 2737 2736 2739 0 2740 2741 2733 2742 2734
IDX10 2742 2733 2743 2741 2744 2742 2744 2741 2745 2735
IDX10 2746 2737 2746 2735 2747 2743 2748 2744 2748 2743
IDX10 2749 2750 2748 2747 2748 2750 2745 2746 2751 2752
IDX10 2751 2746 2753 2754 2749 2750 2749 2754 2755 2756
IDX10 2753 2754 2753 2756 2751 2752 2757 2758 2757 2752
IDX10 2759 2756 2760 2755 2760 2756 2761 2759 2762 2760
IDX10 2762 2759 2757 2758 2730 2732 2730 2758 0 2763
IDX10 2764 2736 2761 2738 2762 2738 2761 2765 2766 2767
IDX10 2768 2767 2766 2766 2769 2768 2770 2768 2769 2771
IDX10 2772 2766 2769 2766 2772 2773 2771 2765 2766 2765
IDX10 2771 2774 2775 2776 2777 2776 2775 2778 2774 2779
IDX10 2776 2779 2774 2779 2776 2780 2781 2780 2776 2776
IDX10 2777 2781 2782 2781 2777 2783 2784 2785 2786 2785
IDX10 2784 2785 2786 2787 2788 2787 2786 2786 2789 2788
IDX10 2790 2788 2789 2784 2791 2786 2789 2786 2791 2792
IDX10 2793 2794 2795 2794 2793 2794 2795 2796 2797 2796
IDX10 2795 2795 2798 2797 2799 2797 2798 2793 2800 2795
IDX10 2798 2795 2800 2794 2796 2801 2802 2801 2796 2792
IDX10 2794 2803 2801 2803 2794 2803 2801 2773 2771 2773
IDX10 2801 2801 2802 2771 2772 2771 2802 2768 2770 2804
IDX10 2805 2804 2770 2767 2768 2806 2804 2806 2768 2806
IDX10 2804 2288 2289 2288 2804 2804 2805 2289 2292 2289
IDX10 2805 2807 2808 2778 2774 2778 2808 2808 2809 2774
IDX10 2775 2774 2809 2789 2791 2808 2809 2808 2791 2789
IDX10 2808 2790 2807 2790 2808 2810 2811 2346 2345 2346
IDX10 2811 2811 2812 2345 2344 2345 2812 2781 2782 2811
IDX10 2812 2811 2782 2780 2781 2810 2811 2810 2781 2813
IDX10 2814 2815 2815 2814 2816 2817 2816 2814 2818 2819
IDX10 2820 2821 2820 2819 2822 2823 2824 2825 2824 2823
IDX10 2826 2827 2828 2829 2830 2831 2832 2831 2830 2833
IDX10 2834 2835 2836 2835 2834 2837 2827 2826 2838 2839
IDX10 2840 2841 2840 2839 2842 2843 2844 2845 2844 2843
IDX10 2837 2846 2827 2847 2848 2849 2850 2849 2848 2851
IDX10 2852 2853 2854 2853 2852 2846 2855 2827 2856 2857
IDX10 2858 2859 2858 2857 2860 2861 2862 2863 2862 2861
IDX10 2855 2864 2827 2865 2866 2867 2868 2867 2866 2869
IDX10 2870 2871 2872 2871 2870 2864 2873 2827 2819 2874
IDX10 2830 2875 2830 2874 2876 2877 2878 2879 2878 2877
IDX10 2873 2880 2827 2840 2832 2881 2882 2881 2832 2883
IDX10 2884 2885 2886 2885 2884 2887 2888 2889 2849 2838
IDX10 2890 2891 2890 2838 2892 2893 2894 2895 2894 2893
IDX10 2887 2889 2896 2897 2847 2898 2899 2898 2847 2900
IDX10 2901 2902 2903 2902 2901 2887 2896 2904 2905 2856
IDX10 2868 2906 2868 2856 2907 2908 2909 2910 2909 2908
IDX10 2911 2887 2904 2912 2913 2914 2818 2914 2913 2915
IDX10 2916 2813 2917 2813 2916 2828 2827 2918 2916 2919
IDX10 2917 2920 2917 2919 2825 2823 2842 2843 2842 2823
IDX10 2921 2922 2923 2854 2923 2922 2845 2860 2844 2862
IDX10 2844 2860 2872 2851 2871 2853 2871 2851 2878 2879
IDX10 2861 2863 2861 2879 2885 2886 2869 2870 2869 2886
IDX10 2893 2877 2895 2876 2895 2877 2903 2884 2902 2883
IDX10 2902 2884 2892 2894 2907 2908 2907 2894 2900 2924
IDX10 2901 2925 2901 2924 2926 2824 2915 2916 2915 2824
IDX10 2920 2919 2921 2922 2921 2919 2927 2928 2929 2930
IDX10 2929 2928 2870 2931 2872 2927 2872 2931 2884 2932
IDX10 2886 2933 2886 2932 2934 2903 2935 2901 2935 2903
IDX10 2917 2920 2936 2937 2936 2920 2938 2921 2939 2852
IDX10 2939 2921 2927 2929 2872 2851 2872 2929 2886 2933
IDX10 2870 2931 2870 2933 2940 2932 2941 2934 2941 2932
IDX10 2932 2940 2933 2942 2933 2940 2824 2825 2916 2919
IDX10 2916 2825 2922 2842 2854 2844 2854 2842 2863 2871
IDX10 2862 2853 2862 2871 2877 2885 2879 2869 2879 2885
IDX10 2902 2883 2892 2893 2892 2883 2907 2909 2900 2924
IDX10 2900 2909 2825 2842 2919 2922 2919 2842 2853 2854
IDX10 2862 2844 2862 2854 2879 2869 2863 2871 2863 2869
IDX10 2893 2883 2877 2885 2877 2883 2902 2892 2900 2907
IDX10 2900 2892 2943 2822 2926 2824 2926 2822 2944 2934
IDX10 2945 2935 2945 2934 2946 2947 2948 2949 2950 2951
IDX10 2952 2951 2950 2940 2953 2942 2954 2942 2953 2955
IDX10 2956 2957 2958 2957 2956 2816 2817 2959 2960 2959
IDX10 2817 2961 2817 2833 2834 2833 2817 2835 2836 2962
IDX10 2946 2962 2836 2951 2952 2963 2964 2963 2952 2942
IDX10 2954 2949 2950 2949 2954 2965 2955 2940 2953 2940
IDX10 2955 2957 2945 2966 2967 2966 2945 2935 2968 2969
IDX10 2967 2969 2968 2939 2970 2929 2851 2929 2970 2814
IDX10 2971 2972 2973 2972 2971 2974 2975 2976 2977 2976
IDX10 2975 2946 2977 2978 2979 2977 2980 2981 2980 2977
IDX10 2928 2927 2982 2983 2982 2927 2931 2949 2927 2951
IDX10 2927 2949 2984 2960 2985 2833 2985 2960 2985 2833
IDX10 2986 2835 2986 2833 2986 2835 2987 2962 2987 2835
IDX10 2988 2987 2948 2962 2948 2987 2989 2988 2952 2948
IDX10 2952 2988 2990 2989 2950 2952 2950 2989 2991 2990
IDX10 2954 2950 2954 2990 2992 2991 2953 2954 2953 2991
IDX10 2992 2953 2993 2955 2993 2953 2993 2955 2994 2957
IDX10 2994 2955 2994 2957 2995 2966 2995 2957 2996 2959
IDX10 2984 2997 2984 2959 2962 2946 2998 2999 2973 2976
IDX10 3000 2976 2973 3001 3002 3003 3004 2999 2817 2834
IDX10 2817 2999 3005 2976 2834 2836 2834 2976 2976 2977
IDX10 2836 2946 2836 2977 2920 2921 2937 2938 2937 2921
IDX10 3006 2971 2813 3007 3002 3008 2937 3008 3002 3008
IDX10 2937 3009 2938 3009 2937 3010 2938 3011 2939 3011
IDX10 2938 2939 2929 3012 2930 3012 2929 2951 2963 2927
IDX10 2934 2932 2903 2884 2903 2932 2901 2925 2935 2968
IDX10 2935 2925 2933 2942 2931 2949 2931 2942 2917 3013
IDX10 2813 2984 2985 3014 3015 3014 2985 2837 3016 2986
IDX10 2985 2986 3016 2846 2837 2987 2986 2987 2837 2855
IDX10 2846 2988 2987 2988 2846 2864 2855 2989 2988 2989
IDX10 2855 2873 2864 2990 2989 2990 2864 2888 2873 2991
IDX10 2990 2991 2873 2889 2888 2992 2991 2992 2888 2896
IDX10 2889 2993 2992 2993 2889 2896 2993 2904 2994 2904
IDX10 2993 2904 2994 3017 2995 3017 2994 2996 2984 3018
IDX10 3014 3018 2984 3019 3020 2971 2973 2971 3020 3021
IDX10 3022 2973 2974 2973 3022 2981 3023 3024 3009 3024
IDX10 3023 3025 3026 2930 3011 2930 3026 2982 2930 2928
IDX10 3027 2813 2971 2913 3028 2818 2819 2818 3028 3029
IDX10 2821 3030 2829 3030 2821 2830 2875 2832 2882 2832
IDX10 2875 3031 3032 2841 2831 2841 3032 3033 2840 3034
IDX10 2881 3034 2840 2850 3035 2839 3036 2839 3035 2899
IDX10 3037 2890 2849 2890 3037 3038 3039 2859 2848 2859
IDX10 3039 2906 3040 3041 3042 3041 3040 3043 3044 2857
IDX10 3045 2857 3044 3046 3047 3043 3048 3043 3047 3048
IDX10 2820 3049 3050 3049 2820 2820 2821 3050 3029 3050
IDX10 2821 2819 2830 2821 2829 2821 2830 3030 2829 3032
IDX10 2831 3032 2829 2841 2831 2840 2832 2840 2831 3036
IDX10 3031 2839 2841 2839 3031 2849 2850 3051 2839 3051
IDX10 2850 2848 3039 2850 3035 2850 3039 2859 2848 3052
IDX10 3053 3052 2848 3045 3038 2857 2859 2857 3038 2857
IDX10 2856 3043 3054 3043 2856 3048 3049 3043 3044 3043
IDX10 3049 3055 2818 3048 2820 3048 2818 3056 3055 3057
IDX10 3054 3057 3055 3058 3059 3060 2875 3060 3059 3061
IDX10 3062 2881 3063 2881 3062 3064 2890 3065 3034 3065
IDX10 2890 3066 2898 3067 2899 3067 2898 3068 2906 2867
IDX10 3041 2867 2906 3069 3070 2912 2913 2912 3070 3070
IDX10 3071 2913 3072 2913 3071 3059 3073 2875 3074 2875
IDX10 3073 2881 3063 3075 3065 3075 3063 3067 2899 3064
IDX10 2890 3064 2899 3052 3076 2856 2906 2856 3076 3077
IDX10 3078 3079 3080 3078 3077 3080 3081 3078 3081 3082
IDX10 3078 3082 3083 3078 3083 3084 3078 3084 3085 3078
IDX10 3078 3085 3086 3078 3086 3087 3078 3087 3088 3089
IDX10 3078 3088 3079 3078 3089 3090 3091 3092 3092 3091
IDX10 3093 3094 3093 3091 3095 3096 3097 3098 3097 3096
IDX10 3099 3100 3101 3102 3101 3100 3103 3104 3105 3106
IDX10 3107 3108 3109 3108 3107 3110 3111 3112 3113 3112
IDX10 3111 3103 3105 3114 3115 3116 3117 3118 3117 3116
IDX10 3119 3120 3121 3122 3121 3120 3114 3105 3123 3124
IDX10 3125 3126 3127 3126 3125 3128 3129 3130 3131 3130
IDX10 3129 3123 3105 3132 3133 3134 3135 3136 3135 3134
IDX10 3137 3138 3139 3140 3139 3138 3105 3141 3132 3142
IDX10 3143 3144 3145 3144 3143 3146 3147 3148 3149 3148
IDX10 3147 3105 3150 3141 3096 3108 3151 3152 3151 3108
IDX10 3153 3154 3155 3156 3155 3154 3105 3157 3150 3117
IDX10 3158 3109 3159 3109 3158 3160 3161 3162 3163 3162
IDX10 3161 3164 3165 3166 3126 3167 3118 3168 3118 3167
IDX10 3169 3170 3171 3172 3171 3170 3173 3165 3164 3174
IDX10 3175 3127 3176 3127 3175 3177 3178 3179 3180 3179
IDX10 3178 3181 3173 3164 3182 3145 3133 3183 3133 3145
IDX10 3184 3185 3186 3187 3186 3185 3188 3181 3164 3098
IDX10 3189 3190 3191 3190 3189 3192 3193 3094 3194 3094
IDX10 3193 3104 3195 3105 3196 3197 3192 3193 3192 3197
IDX10 3099 3120 3100 3119 3100 3120 3198 3199 3200 3131
IDX10 3200 3199 3121 3122 3137 3138 3137 3122 3146 3148
IDX10 3128 3129 3128 3148 3140 3153 3139 3155 3139 3153
IDX10 3147 3160 3149 3162 3149 3160 3171 3172 3154 3156
IDX10 3154 3172 3179 3180 3161 3163 3161 3180 3169 3184
IDX10 3170 3186 3170 3184 3201 3202 3177 3178 3177 3202
IDX10 3193 3101 3194 3203 3194 3101 3196 3198 3197 3200
IDX10 3197 3198 3204 3205 3206 3207 3206 3205 3205 3208
IDX10 3146 3147 3146 3208 3209 3210 3160 3161 3160 3210
IDX10 3211 3212 3179 3177 3179 3212 3213 3196 3214 3192
IDX10 3214 3196 3198 3215 3130 3216 3130 3215 3205 3146
IDX10 3207 3128 3207 3146 3208 3209 3147 3160 3147 3209
IDX10 3217 3218 3210 3211 3210 3218 3219 3217 3209 3210
IDX10 3209 3217 3197 3099 3193 3101 3193 3099 3200 3131
IDX10 3120 3122 3120 3131 3129 3148 3138 3140 3138 3148
IDX10 3149 3162 3153 3154 3153 3162 3180 3169 3163 3171
IDX10 3163 3169 3202 3185 3178 3184 3178 3185 3200 3120
IDX10 3197 3099 3197 3120 3129 3138 3131 3122 3131 3138
IDX10 3148 3149 3140 3153 3140 3149 3162 3163 3154 3171
IDX10 3154 3163 3180 3178 3169 3184 3169 3178 3101 3102
IDX10 3203 3220 3203 3102 3221 3222 3211 3212 3211 3222
IDX10 3223 3224 3225 3226 3227 3228 3229 3228 3227 3230
IDX10 3231 3219 3217 3219 3231 3232 3233 3234 3235 3234
IDX10 3233 3236 3090 3237 3092 3237 3090 3113 3111 3238
IDX10 3090 3238 3111 3224 3110 3239 3112 3239 3110 3240
IDX10 3226 3241 3228 3241 3226 3227 3230 3229 3219 3229
IDX10 3230 3231 3232 3217 3242 3217 3232 3233 3243 3222
IDX10 3244 3222 3243 3244 3245 3246 3212 3246 3245 3216
IDX10 3207 3247 3128 3247 3207 3248 3249 3091 3250 3091
IDX10 3249 3251 3252 3253 3254 3253 3252 3253 3224 3255
IDX10 3256 3257 3253 3258 3253 3257 3259 3260 3204 3205
IDX10 3204 3260 3228 3229 3205 3208 3205 3229 3261 3262
IDX10 3236 3113 3236 3262 3262 3263 3113 3112 3113 3263
IDX10 3263 3264 3112 3239 3112 3264 3265 3225 3264 3239
IDX10 3264 3225 3266 3226 3265 3225 3265 3226 3267 3227
IDX10 3266 3226 3266 3227 3268 3230 3267 3227 3267 3230
IDX10 3269 3231 3268 3230 3268 3231 3269 3270 3231 3232
IDX10 3231 3270 3270 3271 3232 3233 3232 3271 3271 3272
IDX10 3233 3243 3233 3272 3273 3261 3237 3274 3237 3261
IDX10 3224 3239 3275 3276 3249 3254 3277 3254 3249 3278
IDX10 3279 3280 3111 3277 3090 3281 3090 3277 3110 3254
IDX10 3111 3282 3111 3254 3224 3253 3110 3254 3110 3253
IDX10 3215 3198 3213 3196 3213 3198 3283 3094 3250 3284
IDX10 3285 3278 3213 3278 3285 3285 3286 3213 3215 3213
IDX10 3286 3215 3287 3216 3288 3216 3287 3206 3207 3289
IDX10 3216 3289 3207 3228 3205 3241 3211 3179 3210 3161
IDX10 3210 3179 3245 3201 3212 3177 3212 3201 3229 3219
IDX10 3208 3209 3208 3219 3192 3094 3290 3291 3262 3292
IDX10 3261 3292 3262 3114 3263 3293 3262 3293 3263 3123
IDX10 3264 3114 3263 3114 3264 3132 3265 3123 3264 3123
IDX10 3265 3141 3266 3132 3265 3132 3266 3150 3267 3141
IDX10 3266 3141 3267 3166 3268 3150 3267 3150 3268 3165
IDX10 3269 3166 3268 3166 3269 3173 3270 3165 3269 3165
IDX10 3270 3173 3181 3270 3271 3270 3181 3181 3294 3271
IDX10 3272 3271 3294 3292 3261 3295 3273 3295 3261 3249
IDX10 3296 3250 3297 3250 3296 3252 3298 3249 3299 3249
IDX10 3298 3258 3300 3301 3286 3301 3300 3302 3206 3303
IDX10 3288 3303 3206 3204 3206 3259 3094 3304 3250 3096
IDX10 3305 3098 3189 3098 3305 3306 3307 3095 3106 3095
IDX10 3307 3108 3109 3152 3159 3152 3109 3308 3115 3309
IDX10 3107 3309 3115 3310 3311 3117 3158 3117 3311 3312
IDX10 3313 3116 3124 3116 3313 3126 3314 3167 3176 3167
IDX10 3314 3315 3136 3316 3125 3316 3136 3183 3317 3318
IDX10 3319 3318 3317 3320 3321 3322 3135 3322 3321 3323
IDX10 3324 3321 3325 3321 3324 3326 3097 3327 3323 3327
IDX10 3097 3306 3095 3326 3097 3326 3095 3106 3108 3095
IDX10 3096 3095 3108 3307 3309 3106 3107 3106 3309 3115
IDX10 3117 3107 3109 3107 3117 3312 3116 3308 3115 3308
IDX10 3116 3116 3124 3328 3126 3328 3124 3313 3316 3124
IDX10 3125 3124 3316 3136 3329 3125 3330 3125 3329 3322
IDX10 3135 3315 3136 3315 3135 3135 3321 3133 3331 3133
IDX10 3321 3323 3321 3327 3320 3327 3321 3097 3098 3323
IDX10 3332 3323 3098 3333 3334 3332 3331 3332 3334 3335
IDX10 3336 3337 3152 3337 3336 3338 3158 3339 3340 3339
IDX10 3158 3311 3167 3341 3342 3341 3167 3176 3175 3343
IDX10 3344 3343 3175 3345 3143 3183 3317 3183 3143 3189
IDX10 3346 3191 3347 3191 3346 3348 3349 3189 3346 3189
IDX10 3349 3350 3351 3152 3337 3152 3351 3158 3352 3340
IDX10 3341 3340 3352 3167 3176 3342 3343 3342 3176 3329
IDX10 3133 3353 3183 3353 3133 3354 3355 3356 3354 3356
IDX10 3357 3357 3356 3358 3358 3356 3359 3356 3360 3359
IDX10 3356 3361 3360 3356 3362 3361 3356 3363 3362 3364
IDX10 3363 3356 3365 3364 3356 3366 3365 3356 3355 3366
IDX10 3356 3367 2763 0 3368 3367 0 0 2 3368
IDX10 3369 3368 2 3 3370 2 3369 2 3370 0
IDX10 3371 1 3372 1 3371 3373 3371 0 2739 3373
IDX10 0 1 3372 3 3370 3 3372 3374 0 3375
IDX10 3375 0 3376 0 3377 3376 0 3378 3377 0
IDX10 3379 3378 2740 0 3374 0 2764 3379 3380 3381
IDX10 3382 3383 3384 3381 3385 3386 3387 3380 3386 3388
IDX10 3385 3388 3386 3389 3390 3383 3384 3383 3390 3390
IDX10 3389 3387 3388 3381 3380 3388 3383 3381 3391 3392
IDX10 3393 3381 3393 3392 3394 3395 3396 3397 3396 3395
IDX10 3398 3399 3400 3401 3400 3399 3402 3403 3404 3398
IDX10 3404 3403 3384 3402 3405 3404 3405 3402 3406 3407
IDX10 3408 3409 3408 3407 3393 3381 3410 3405 3410 3381
IDX10 3407 3411 3409 3412 3409 3411 3413 3382 3414 3392
IDX10 3414 3382 3415 3414 3416 3417 3416 3414 3418 3412
IDX10 3419 3411 3419 3412 3395 3415 3397 3416 3397 3415
IDX10 3420 3421 3399 3418 3399 3421 3422 3423 3424 3394
IDX10 3424 3423 3422 3424 3425 3426 3425 3424 3425 3426
IDX10 3427 3408 3427 3426 3428 3429 3402 3403 3402 3429
IDX10 3428 3402 3390 3384 3390 3402 3430 3427 3431 3432
IDX10 3431 3427 3385 3389 3388 3383 3388 3389 3381 3392
IDX10 3382 3432 3433 3431 3434 3431 3433 3435 3436 3413
IDX10 3382 3413 3436 3437 3435 3438 3413 3438 3435 3433
IDX10 3421 3434 3439 3434 3421 3440 3437 3441 3438 3441
IDX10 3437 3423 3441 3394 3395 3394 3441 3442 3439 3420
IDX10 3421 3420 3439 3422 3443 3423 3444 3423 3443 3425
IDX10 3445 3422 3443 3422 3445 3403 3420 3398 3399 3398
IDX10 3420 3425 3427 3445 3430 3445 3427 3404 3398 3446
IDX10 3400 3446 3398 3431 3387 3430 3428 3390 3387 3410
IDX10 3405 3446 3404 3446 3405 3408 3409 3427 3432 3427
IDX10 3409 3389 3385 3387 3384 3405 3381 3434 3387 3431
IDX10 3386 3436 3387 3382 3436 3380 3386 3380 3436 3409
IDX10 3412 3432 3433 3432 3412 3436 3435 3387 3414 3392
IDX10 3417 3391 3417 3392 3439 3387 3434 3435 3437 3387
IDX10 3438 3413 3415 3414 3415 3413 3421 3433 3418 3412
IDX10 3418 3433 3387 3437 3440 3441 3438 3395 3415 3395
IDX10 3438 3442 3387 3439 3387 3440 3444 3444 3440 3423
IDX10 3441 3423 3440 3399 3418 3401 3419 3401 3418 3387
IDX10 3444 3443 3424 3394 3447 3396 3447 3394 3429 3387
IDX10 3442 3387 3443 3445 3424 3447 3426 3448 3426 3447
IDX10 3429 3442 3403 3420 3403 3442 3387 3445 3430 3426
IDX10 3448 3408 3406 3408 3448 3429 3428 3387 3449 3450
IDX10 3451 3452 3451 3450 3453 3454 3455 3456 3455 3454
IDX10 3457 3458 3459 3460 3459 3458 3461 3462 3463 3464
IDX10 3463 3462 3465 3466 3454 3456 3454 3466 3460 3458
IDX10 3467 3468 3467 3458 3455 3456 3469 3470 3469 3456
IDX10 3465 3471 3466 3472 3466 3471 3473 3474 3475 3476
IDX10 3475 3474 3477 3478 3479 3480 3479 3478 3475 3481
IDX10 3482 3483 3482 3481 3481 3475 3484 3476 3484 3475
IDX10 3485 3460 3486 3467 3486 3460 3487 3488 3489 3490
IDX10 3489 3488 3491 3492 3493 3494 3493 3492 3479 3480
IDX10 3495 3496 3495 3480 3492 3497 3494 3498 3494 3497
IDX10 3499 3500 3501 3502 3501 3500 3503 3504 3500 3505
IDX10 3500 3504 3506 3507 3508 3509 3508 3507 3510 3511
IDX10 3459 3457 3459 3511 3495 3496 3499 3512 3499 3496
IDX10 3513 3514 3515 3516 3515 3514 3500 3505 3517 3518
IDX10 3517 3505 3505 3455 3518 3469 3518 3455 3466 3519
IDX10 3456 3520 3456 3519 3466 3472 3519 3521 3519 3472
IDX10 3468 3522 3467 3523 3467 3522 3524 3525 3471 3472
IDX10 3471 3525 3473 3475 3526 3482 3526 3475 3508 3509
IDX10 3527 3528 3527 3509 3467 3523 3486 3529 3486 3523
IDX10 3530 3531 3498 3532 3498 3531 3512 3503 3499 3500
IDX10 3499 3503 3513 3515 3531 3532 3531 3515 3533 3534
IDX10 3516 3535 3516 3534 3504 3453 3505 3455 3505 3453
IDX10 3536 3495 3501 3499 3501 3495 3534 3537 3535 3538
IDX10 3535 3537 3539 3491 3540 3493 3540 3491 3527 3528
IDX10 3541 3463 3541 3528 3476 3542 3510 3511 3510 3542
IDX10 3463 3464 3541 3543 3541 3464 3544 3539 3545 3540
IDX10 3545 3539 3546 3547 3548 3507 3548 3547 3451 3452
IDX10 3537 3538 3537 3452 3549 3550 3547 3551 3547 3550
IDX10 3552 3553 3554 3555 3556 3557 3558 3557 3556 3559
IDX10 3560 3561 3562 3563 3564 3565 3564 3563 3566 3567
IDX10 3568 3569 3568 3567 3570 3568 3571 3569 3571 3568
IDX10 3570 3571 3572 3573 3572 3571 3556 3572 3558 3573
IDX10 3558 3572 3574 3575 3576 3577 3576 3575 3578 3579
IDX10 3575 3577 3575 3579 3578 3580 3579 3581 3579 3580
IDX10 3582 3583 3580 3581 3580 3583 3584 3585 3586 3587
IDX10 3586 3585 3584 3588 3585 3589 3585 3588 3590 3591
IDX10 3588 3589 3588 3591 3590 3592 3591 3593 3591 3592
IDX10 3594 3595 3596 3597 3596 3595 3598 3595 3599 3594
IDX10 3599 3595 3598 3599 3600 3601 3600 3599 3601 3602
IDX10 3600 3603 3600 3602 3604 3605 3606 3607 3606 3605
IDX10 3607 3605 3608 3609 3608 3605 3610 3608 3611 3609
IDX10 3611 3608 3612 3613 3611 3610 3611 3613 3614 3615
IDX10 3616 3617 3616 3615 3618 3614 3619 3616 3619 3614
IDX10 3620 3618 3621 3619 3621 3618 3620 3621 3622 3623
IDX10 3622 3621 3624 3625 3626 3627 3626 3625 3628 3629
IDX10 3630 3631 3632 3615 3617 3615 3632 3633 3634 3635
IDX10 3636 3637 3638 3639 3638 3637 3640 3641 3642 3643
IDX10 3642 3641 3644 3645 3637 3646 3637 3645 3647 3648
IDX10 3649 3650 3649 3648 3651 3652 3653 3654 3653 3652
IDX10 3655 3656 3657 3658 3657 3656 3659 3652 3660 3651
IDX10 3660 3652 3661 3662 3647 3648 3647 3662 3642 3663
IDX10 3640 3664 3640 3663 3665 3666 3667 3668 3667 3666
IDX10 3669 3670 3671 3672 3671 3670 3673 3674 3663 3664
IDX10 3663 3674 3675 3676 3677 3678 3677 3676 3679 3680
IDX10 3681 3665 3681 3680 3676 3682 3678 3683 3678 3682
IDX10 3684 3685 3686 3687 3686 3685 3688 3689 3660 3659
IDX10 3660 3689 3690 3691 3692 3693 3692 3691 3694 3695
IDX10 3696 3697 3696 3695 3685 3698 3687 3699 3687 3698
IDX10 3695 3700 3701 3702 3701 3700 3700 3703 3702 3704
IDX10 3702 3703 3670 3705 3672 3706 3672 3705 3670 3681
IDX10 3705 3707 3705 3681 3708 3675 3674 3677 3674 3675
IDX10 3665 3680 3666 3709 3666 3680 3657 3658 3710 3711
IDX10 3710 3658 3646 3712 3688 3689 3688 3712 3669 3679
IDX10 3670 3681 3670 3679 3681 3665 3713 3667 3713 3665
IDX10 3714 3715 3683 3716 3683 3715 3666 3709 3717 3718
IDX10 3717 3709 3716 3715 3661 3662 3661 3715 3719 3720
IDX10 3721 3722 3721 3720 3723 3686 3724 3687 3724 3686
IDX10 3725 3726 3690 3656 3690 3726 3727 3725 3692 3690
IDX10 3692 3725 3717 3718 3728 3729 3728 3718 3691 3690
IDX10 3730 3656 3730 3690 3694 3731 3695 3700 3695 3731
IDX10 3703 3672 3732 3706 3732 3672 3724 3687 3733 3699
IDX10 3733 3687 3731 3734 3700 3703 3700 3734 3735 3651
IDX10 3736 3653 3736 3651 3710 3711 3733 3724 3733 3711
IDX10 3734 3671 3703 3672 3703 3671 3643 3641 3737 3738
IDX10 3737 3641 3739 3740 3741 3742 3741 3740 3740 3743
IDX10 3742 3744 3742 3743 3745 3746 3743 3744 3743 3746
IDX10 3747 3748 3745 3746 3745 3748 3747 3749 3748 3750
IDX10 3748 3749 3749 3751 3750 3752 3750 3751 3751 3753
IDX10 3752 3754 3752 3753 3753 3755 3754 3756 3754 3755
IDX10 3756 3755 3757 3758 3757 3755 3757 3758 3759 3760
IDX10 3759 3758 3760 3761 3759 3762 3759 3761 3761 3739
IDX10 3762 3741 3762 3739 3763 3764 3765 3766 3765 3764
IDX10 3764 3767 3766 3768 3766 3767 3769 3768 3770 3767
IDX10 3770 3768 3771 3769 3772 3770 3772 3769 3773 3774
IDX10 3772 3771 3772 3774 3773 3775 3774 3776 3774 3775
IDX10 3775 3777 3776 3778 3776 3777 3777 3779 3778 3780
IDX10 3778 3779 3779 3781 3780 3782 3780 3781 3781 3783
IDX10 3782 3784 3782 3783 3784 3783 3785 3786 3785 3783
IDX10 3785 3786 3787 3788 3787 3786 3788 3789 3787 3790
IDX10 3787 3789 3789 3763 3790 3765 3790 3763 3791 3792
IDX10 3793 3794 3793 3792 3795 3796 3791 3792 3791 3796
IDX10 3797 3798 3795 3796 3795 3798 3797 3799 3798 3800
IDX10 3798 3799 3799 3801 3800 3802 3800 3801 3801 3803
IDX10 3802 3804 3802 3803 3804 3803 3805 3806 3805 3803
IDX10 3805 3806 3807 3808 3807 3806 3807 3808 3809 3810
IDX10 3809 3808 3809 3810 3811 3812 3811 3810 3813 3811
IDX10 3814 3812 3814 3811 3815 3813 3816 3814 3816 3813
IDX10 3817 3815 3818 3816 3818 3815 3794 3817 3793 3818
IDX10 3793 3817 3819 3820 3821 3822 3821 3820 3820 3823
IDX10 3822 3824 3822 3823 3825 3824 3826 3823 3826 3824
IDX10 3827 3825 3828 3826 3828 3825 3829 3830 3828 3827
IDX10 3828 3830 3829 3831 3830 3832 3830 3831 3831 3833
IDX10 3832 3834 3832 3833 3833 3835 3834 3836 3834 3835
IDX10 3835 3837 3836 3838 3836 3837 3837 3839 3838 3840
IDX10 3838 3839 3840 3839 3841 3842 3841 3839 3841 3842
IDX10 3843 3844 3843 3842 3844 3845 3843 3846 3843 3845
IDX10 3845 3819 3846 3821 3846 3819 3847 3848 3849 3850
IDX10 3849 3848 3851 3848 3852 3847 3852 3848 3853 3851
IDX10 3854 3852 3854 3851 3855 3853 3856 3854 3856 3853
IDX10 3855 3856 3857 3858 3857 3856 3857 3858 3859 3860
IDX10 3859 3858 3859 3860 3861 3862 3861 3860 3862 3863
IDX10 3861 3864 3861 3863 3863 3865 3864 3866 3864 3865
IDX10 3865 3867 3866 3868 3866 3867 3867 3869 3868 3870
IDX10 3868 3869 3871 3872 3869 3870 3869 3872 3873 3874
IDX10 3871 3872 3871 3874 3849 3850 3873 3874 3873 3850
IDX10 3875 3876 3877 3878 3877 3876 3876 3879 3878 3880
IDX10 3878 3879 3881 3882 3879 3880 3879 3882 3883 3884
IDX10 3881 3882 3881 3884 3885 3884 3886 3883 3886 3884
IDX10 3886 3887 3885 3888 3885 3887 3887 3889 3888 3890
IDX10 3888 3889 3889 3891 3890 3892 3890 3891 3891 3893
IDX10 3892 3894 3892 3893 3894 3893 3895 3896 3895 3893
IDX10 3896 3897 3895 3898 3895 3897 3897 3899 3898 3900
IDX10 3898 3899 3899 3901 3900 3902 3900 3901 3901 3875
IDX10 3902 3877 3902 3875 3903 3904 3905 3906 3907 3908
IDX10 3903 3905 3909 3908 3907 3910 3903 3909 3911 3910
IDX10 3907 3912 3913 3903 3911 3912 3907 3914 3915 3903
IDX10 3913 3907 3916 3914 3917 3903 3915 3907 3918 3916
IDX10 3919 3903 3917 3907 3920 3918 3919 3921 3903 3907
IDX10 3922 3920 3921 3923 3903 3924 3922 3907 3923 3925
IDX10 3903 3926 3924 3907 3925 3927 3903 3928 3926 3907
IDX10 3927 3929 3903 3930 3928 3907 3929 3931 3903 3932
IDX10 3930 3907 3903 3931 3904 3906 3932 3907 3933 3934
IDX10 3935 3936 3937 3938 3934 3939 3935 3940 3937 3936
IDX10 3939 3941 3935 3942 3940 3936 3941 3943 3935 3944
IDX10 3942 3936 3943 3945 3935 3946 3944 3936 3945 3947
IDX10 3935 3948 3946 3936 3935 3947 3949 3950 3948 3936
IDX10 3935 3949 3951 3950 3936 3952 3935 3951 3953 3952
IDX10 3936 3954 3935 3953 3955 3954 3936 3956 3957 3935
IDX10 3955 3956 3936 3958 3959 3935 3957 3936 3960 3958
IDX10 3961 3935 3959 3936 3962 3960 3933 3935 3961 3936
IDX10 3938 3962 3963 3964 3965 3966 3965 3964 3967 3963
IDX10 3968 3965 3968 3963 3969 3967 3970 3968 3970 3967
IDX10 3971 3969 3972 3970 3972 3969 3973 3974 3972 3971
IDX10 3972 3974 3975 3974 3976 3973 3976 3974 3977 3975
IDX10 3978 3976 3978 3975 3979 3977 3980 3978 3980 3977
IDX10 3981 3979 3982 3980 3982 3979 3982 3983 3981 3984
IDX10 3981 3983 3984 3983 3985 3986 3985 3983 3985 3986
IDX10 3987 3988 3987 3986 3989 3987 3990 3988 3990 3987
IDX10 3964 3989 3966 3990 3966 3989 3991 3992 3993 3994
IDX10 3993 3992 3993 3994 3995 3996 3995 3994 3995 3996
IDX10 3997 3998 3997 3996 3999 3997 4000 3998 4000 3997
IDX10 4001 3999 4002 4000 4002 3999 4003 4001 4004 4002
IDX10 4004 4001 4005 4003 4006 4004 4006 4003 4007 4008
IDX10 4006 4005 4006 4008 4009 4010 4007 4008 4007 4010
IDX10 4011 4012 4009 4010 4009 4012 4011 4013 4012 4014
IDX10 4012 4013 4013 4015 4014 4016 4014 4015 4015 4017
IDX10 4016 4018 4016 4017 4018 4017 3991 3992 3991 4017
IDX10 4019 4020 4021 4022 4021 4020 4023 4019 4024 4021
IDX10 4024 4019 4025 4026 4024 4023 4024 4026 4027 4028
IDX10 4025 4026 4025 4028 4029 4028 4030 4027 4030 4028
IDX10 4031 4029 4032 4030 4032 4029 4033 4031 4034 4032
IDX10 4034 4031 4035 4033 4036 4034 4036 4033 4037 4035
IDX10 4038 4036 4038 4035 4037 4038 4039 4040 4039 4038
IDX10 4040 4041 4039 4042 4039 4041 4041 4043 4042 4044
IDX10 4042 4043 4045 4044 4046 4043 4046 4044 4020 4045
IDX10 4022 4046 4022 4045 4047 4048 4049 4050 4049 4048
IDX10 4048 4051 4050 4052 4050 4051 4051 4053 4052 4054
IDX10 4052 4053 4053 4055 4054 4056 4054 4055 4057 4058
IDX10 4055 4056 4055 4058 4059 4060 4057 4058 4057 4060
IDX10 4061 4062 4059 4060 4059 4062 4063 4064 4061 4062
IDX10 4061 4064 4065 4064 4066 4063 4066 4064 4067 4065
IDX10 4068 4066 4068 4065 4069 4067 4070 4068 4070 4067
IDX10 4069 4070 4071 4072 4071 4070 4071 4072 4073 4074
IDX10 4073 4072 4073 4074 4049 4047 4049 4074 4075 4076
IDX10 4077 4078 4077 4076 4079 4075 4080 4077 4080 4075
IDX10 4081 4082 4080 4079 4080 4082 4083 4084 4081 4082
IDX10 4081 4084 4085 4084 4086 4083 4086 4084 4087 4085
IDX10 4088 4086 4088 4085 4089 4087 4090 4088 4090 4087
IDX10 4091 4089 4092 4090 4092 4089 4093 4091 4094 4092
IDX10 4094 4091 4093 4094 4095 4096 4095 4094 4096 4097
IDX10 4095 4098 4095 4097 4097 4099 4098 4100 4098 4099
IDX10 4101 4100 4102 4099 4102 4100 4076 4101 4078 4102
IDX10 4078 4101 4103 4104 4105 4106 4105 4104 4107 4103
IDX10 4108 4105 4108 4103 4109 4110 4108 4107 4108 4110
IDX10 4111 4112 4109 4110 4109 4112 4113 4112 4114 4111
IDX10 4114 4112 4115 4113 4116 4114 4116 4113 4117 4115
IDX10 4118 4116 4118 4115 4119 4117 4120 4118 4120 4117
IDX10 4119 4120 4121 4122 4121 4120 4121 4122 4123 4124
IDX10 4123 4122 4125 4123 4126 4124 4126 4123 4104 4125
IDX10 4106 4126 4106 4125 4127 4128 4129 4130 4131 4132
IDX10 4128 4133 4129 4134 4131 4130 4133 4135 4129 4136
IDX10 4134 4130 4135 4137 4129 4138 4136 4130 4137 4139
IDX10 4129 4140 4138 4130 4139 4141 4129 4142 4140 4130
IDX10 4129 4141 4143 4144 4142 4130 4129 4143 4145 4144
IDX10 4130 4146 4129 4145 4147 4146 4130 4148 4129 4147
IDX10 4149 4148 4130 4150 4151 4129 4149 4150 4130 4152
IDX10 4153 4129 4151 4130 4154 4152 4155 4129 4153 4130
IDX10 4156 4154 4127 4129 4155 4130 4132 4156 4157 4158
IDX10 4159 4160 4159 4158 4161 4157 4162 4159 4162 4157
IDX10 4163 4161 4164 4162 4164 4161 4165 4163 4166 4164
IDX10 4166 4163 4167 4168 4166 4165 4166 4168 4169 4168
IDX10 4170 4167 4170 4168 4171 4169 4172 4170 4172 4169
IDX10 4173 4171 4174 4172 4174 4171 4175 4173 4176 4174
IDX10 4176 4173 4176 4177 4175 4178 4175 4177 4178 4177
IDX10 4179 4180 4179 4177 4179 4180 4181 4182 4181 4180
IDX10 4183 4181 4184 4182 4184 4181 4158 4183 4160 4184
IDX10 4160 4183 4185 4186 4187 4188 4187 4186 4187 4188
IDX10 4189 4190 4189 4188 4189 4190 4191 4192 4191 4190
IDX10 4193 4191 4194 4192 4194 4191 4195 4193 4196 4194
IDX10 4196 4193 4197 4195 4198 4196 4198 4195 4199 4197
IDX10 4200 4198 4200 4197 4201 4202 4200 4199 4200 4202
IDX10 4203 4204 4201 4202 4201 4204 4205 4206 4203 4204
IDX10 4203 4206 4205 4207 4206 4208 4206 4207 4207 4209
IDX10 4208 4210 4208 4209 4209 4211 4210 4212 4210 4211
IDX10 4212 4211 4185 4186 4185 4211 4213 4214 4215 4216
IDX10 4215 4214 4217 4213 4218 4215 4218 4213 4219 4220
IDX10 4218 4217 4218 4220 4221 4222 4219 4220 4219 4222
IDX10 4223 4222 4224 4221 4224 4222 4225 4223 4226 4224
IDX10 4226 4223 4227 4225 4228 4226 4228 4225 4229 4227
IDX10 4230 4228 4230 4227 4231 4229 4232 4230 4232 4229
IDX10 4231 4232 4233 4234 4233 4232 4234 4235 4233 4236
IDX10 4233 4235 4235 4237 4236 4238 4236 4237 4239 4238
IDX10 4240 4237 4240 4238 4214 4239 4216 4240 4216 4239
IDX10 4241 4242 4243 4244 4243 4242 4242 4245 4244 4246
IDX10 4244 4245 4245 4247 4246 4248 4246 4247 4247 4249
IDX10 4248 4250 4248 4249 4251 4252 4249 4250 4249 4252
IDX10 4253 4254 4251 4252 4251 4254 4255 4256 4253 4254
IDX10 4253 4256 4257 4258 4255 4256 4255 4258 4259 4258
IDX10 4260 4257 4260 4258 4261 4259 4262 4260 4262 4259
IDX10 4263 4261 4264 4262 4264 4261 4263 4264 4265 4266
IDX10 4265 4264 4265 4266 4267 4268 4267 4266 4267 4268
IDX10 4243 4241 4243 4268 4269 4270 4271 4272 4271 4270
IDX10 4273 4269 4274 4271 4274 4269 4275 4276 4274 4273
IDX10 4274 4276 4277 4278 4275 4276 4275 4278 4279 4278
IDX10 4280 4277 4280 4278 4281 4279 4282 4280 4282 4279
IDX10 4283 4281 4284 4282 4284 4281 4285 4283 4286 4284
IDX10 4286 4283 4287 4285 4288 4286 4288 4285 4287 4288
IDX10 4289 4290 4289 4288 4290 4291 4289 4292 4289 4291
IDX10 4291 4293 4292 4294 4292 4293 4295 4294 4296 4293
IDX10 4296 4294 4270 4295 4272 4296 4272 4295 4297 4298
IDX10 4299 4300 4299 4298 4301 4297 4302 4299 4302 4297
IDX10 4303 4304 4302 4301 4302 4304 4305 4306 4303 4304
IDX10 4303 4306 4307 4306 4308 4305 4308 4306 4309 4307
IDX10 4310 4308 4310 4307 4311 4309 4312 4310 4312 4309
IDX10 4313 4311 4314 4312 4314 4311 4313 4314 4315 4316
IDX10 4315 4314 4315 4316 4317 4318 4317 4316 4319 4317
IDX10 4320 4318 4320 4317 4298 4319 4300 4320 4300 4319
IDX10 4321 4322 4323 4324 4323 4322 4325 4326 4327 4328
IDX10 4327 4326 4329 4330 4331 4332 4331 4330 4333 4334
IDX10 4335 4336 4335 4334 4327 4337 4333 4338 4333 4337
IDX10 4327 4328 4339 4340 4339 4328 4341 4333 4342 4335
IDX10 4342 4333 4343 4327 4344 4333 4344 4327 4345 4346
IDX10 4347 4348 4347 4346 4349 4348 4350 4351 4350 4348
IDX10 4346 4352 4353 4354 4353 4352 4346 4355 4348 4356
IDX10 4348 4355 4348 4357 4351 4358 4351 4357 4359 4360
IDX10 4361 4362 4361 4360 4363 4364 4346 4352 4346 4364
IDX10 4365 4366 4367 4368 4367 4366 4369 4370 4371 4372
IDX10 4371 4370 4373 4374 4375 4376 4375 4374 4377 4378
IDX10 4379 4380 4379 4378 4381 4382 4383 4384 4383 4382
IDX10 4373 4385 4386 4387 4386 4385 4388 4373 4389 4375
IDX10 4389 4373 4390 4384 4391 4392 4391 4384 4373 4393
IDX10 4394 4395 4394 4393 4396 4397 4398 4399 4398 4397
IDX10 4400 4401 4402 4403 4402 4401 4404 4405 4406 4407
IDX10 4406 4405 4408 4409 4410 4411 4410 4409 4412 4413
IDX10 4400 4414 4400 4413 4415 4416 4400 4401 4400 4416
IDX10 4417 4418 4411 4419 4411 4418 4420 4400 4421 4422
IDX10 4421 4400 4423 4424 4425 4426 4425 4424 4427 4428
IDX10 4429 4430 4429 4428 4431 4423 4432 4433 4432 4423
IDX10 4423 4434 4435 4436 4435 4434 4437 4438 4439 4428
IDX10 4439 4438 4440 4441 4442 4443 4442 4441 4423 4444
IDX10 4433 4445 4433 4444 4446 4447 4448 4449 4448 4447
IDX10 4450 4451 4452 4453 4452 4451 4454 4455 4456 4457
IDX10 4456 4455 4458 4459 4451 4460 4451 4459 4461 4462
IDX10 4451 4463 4451 4462 4464 4465 4466 4456 4466 4465
IDX10 4467 4468 4469 4470 4469 4468 4451 4460 4471 4472
IDX10 4471 4460 4473 4474 4475 4476 4475 4474 4477 4478
IDX10 4479 4480 4479 4478 4481 4482 4483 4484 4483 4482
IDX10 4485 4486 4487 4488 4487 4486 4489 4490 4491 4492
IDX10 4491 4490 4484 4493 4490 4494 4490 4493 4482 4495
IDX10 4484 4496 4484 4495 4497 4498 4489 4490 4489 4498
IDX10 4499 4500 4490 4484 4490 4500 4501 4502 4503 4504
IDX10 4503 4502 4505 4506 4507 4503 4507 4506 4508 4509
IDX10 4504 4510 4504 4509 4504 4511 4503 4512 4503 4511
IDX10 4507 4503 4513 4514 4513 4503 4515 4516 4517 4518
IDX10 4517 4516 4519 4508 4520 4504 4520 4508 4521 4522
IDX10 4523 4524 4523 4522 4525 4526 4527 4528 4527 4526
IDX10 4529 4530 4531 4532 4531 4530 4533 4534 4528 4535
IDX10 4528 4534 4528 4536 4537 4538 4537 4536 4531 4527
IDX10 4539 4540 4539 4527 4541 4542 4543 4544 4543 4542
IDX10 4545 4533 4546 4528 4546 4533 4547 4548 4549 4550
IDX10 4549 4548 4551 4552 4553 4554 4553 4552 4555 4556
IDX10 4557 4558 4557 4556 4559 4553 4560 4561 4560 4553
IDX10 4562 4563 4553 4564 4553 4563 4556 4565 4554 4566
IDX10 4554 4565 4567 4568 4569 4570 4569 4568 4571 4572
IDX10 4559 4553 4559 4572 4573 4574 4575 4576 4575 4574
IDX10 4577 4578 4579 4580 4579 4578 4581 4582 4583 4584
IDX10 4583 4582 4585 4586 4587 4588 4587 4586 4589 4590
IDX10 4591 4592 4591 4590 4593 4594 4584 4595 4584 4594
IDX10 4583 4584 4596 4597 4596 4584 4598 4589 4599 4600
IDX10 4599 4589 4601 4602 4584 4591 4584 4602 4603 4604
IDX10 4605 4606 4605 4604 4607 4608 4609 4610 4609 4608
IDX10 4611 4612 4613 4614 4613 4612 4615 4616 4617 4618
IDX10 4617 4616 4610 4619 4620 4621 4620 4619 4608 4622
IDX10 4610 4623 4610 4622 4624 4625 4615 4626 4615 4625
IDX10 4627 4628 4616 4610 4616 4628 4629 4630 4631 4632
IDX10 4633 4634 4635 4634 4633 4636 4631 4637 4630 4638
IDX10 4631 4639 4634 4640 4635 4640 4634 4641 4642 4643
IDX10 4644 4643 4642 4638 4645 4631 4646 4639 4647 4640
IDX10 4647 4639 4648 4631 4636 4645 4649 4631 4646 4647
IDX10 4650 4651 4650 4647 4643 4644 4652 4653 4652 4644
IDX10 4631 4649 4654 4650 4651 4655 4656 4655 4651 4657
IDX10 4631 4648 4631 4654 4658 4659 4655 4660 4656 4660
IDX10 4655 4661 4652 4662 4653 4662 4652 4631 4658 4663
IDX10 4659 4660 4664 4665 4664 4660 4657 4629 4631 4631
IDX10 4663 4637 4664 4665 4666 4667 4666 4665 4661 4662
IDX10 4632 4633 4632 4662 4668 4669 4670 4671 4672 4673
IDX10 4674 4673 4672 4669 4675 4670 4676 4677 4678 4679
IDX10 4678 4677 4670 4675 4680 4681 4682 4683 4684 4683
IDX10 4682 4670 4680 4685 4686 4687 4688 4689 4688 4687
IDX10 4690 4670 4685 4691 4692 4693 4694 4693 4692 4668
IDX10 4670 4690 4695 4696 4697 4698 4697 4696 4699 4700
IDX10 4701 4702 4703 4704 4705 4704 4703 4700 4706 4701
IDX10 4707 4702 4708 4704 4708 4702 4706 4709 4701 4710
IDX10 4707 4711 4708 4711 4707 4709 4712 4701 4713 4714
IDX10 4711 4710 4711 4714 4712 4715 4701 4716 4717 4713
IDX10 4714 4713 4717 4701 4715 4718 4719 4717 4720 4716
IDX10 4720 4717 4701 4718 4721 4722 4719 4723 4720 4723
IDX10 4719 4701 4721 4724 4723 4725 4722 4726 4722 4725
IDX10 4701 4724 4727 4725 4728 4726 4729 4726 4728 4730
IDX10 4701 4727 4729 4728 4731 4732 4731 4728 4733 4701
IDX10 4730 4731 4732 4734 4735 4734 4732 4699 4701 4733
IDX10 4736 4734 4737 4735 4737 4734 4738 4739 4740 4741
IDX10 4740 4739 4742 4738 4743 4740 4743 4738 4744 4745
IDX10 4743 4742 4743 4745 4746 4747 4744 4745 4744 4747
IDX10 4748 4747 4749 4746 4749 4747 4750 4748 4751 4749
IDX10 4751 4748 4752 4750 4753 4751 4753 4750 4752 4753
IDX10 4754 4755 4754 4753 4754 4755 4756 4757 4756 4755
IDX10 4756 4757 4758 4759 4758 4757 4758 4759 4760 4761
IDX10 4760 4759 4762 4760 4763 4761 4763 4760 4764 4765
IDX10 4766 4767 4766 4765 4765 4768 4767 4769 4767 4768
IDX10 4770 4771 4768 4769 4768 4771 4772 4773 4770 4771
IDX10 4770 4773 4772 4774 4773 4775 4773 4774 4774 4776
IDX10 4775 4777 4775 4776 4776 4778 4777 4779 4777 4778
IDX10 4779 4778 4780 4781 4780 4778 4780 4781 4782 4783
IDX10 4782 4781 4782 4783 4784 4785 4784 4783 4784 4785
IDX10 4786 4787 4786 4785 4787 4788 4786 4789 4786 4788
IDX10 4790 4791 4792 4793 4792 4791 4794 4795 4796 4797
IDX10 4798 4791 4793 4791 4798 4796 4795 4799 4800 4801
IDX10 4797 4798 4797 4801 4799 4795 4802 4803 4801 4804
IDX10 4800 4804 4801 4795 4805 4802 4806 4803 4807 4804
IDX10 4807 4803 4795 4808 4805 4807 4809 4806 4810 4806
IDX10 4809 4795 4811 4808 4809 4812 4810 4813 4810 4812
IDX10 4795 4814 4811 4812 4815 4813 4816 4813 4815 4817
IDX10 4814 4795 4816 4815 4818 4819 4818 4815 4820 4817
IDX10 4795 4819 4821 4818 4822 4818 4821 4823 4820 4795
IDX10 4821 4824 4822 4825 4822 4824 4826 4823 4795 4824
IDX10 4827 4825 4828 4825 4827 4794 4826 4795 4829 4830
IDX10 4831 4832 4831 4830 4833 4834 4835 4836 4837 4838
IDX10 4839 4838 4837 4835 4834 4840 4841 4842 4843 4844
IDX10 4843 4842 4834 4845 4840 4846 4847 4848 4849 4848
IDX10 4847 4834 4850 4845 4851 4852 4853 4854 4853 4852
IDX10 4855 4850 4834 4856 4857 4858 4859 4858 4857 4833
IDX10 4855 4834 4860 4861 4862 4863 4864 4865 4866 4865
IDX10 4864 4861 4867 4862 4868 4869 4870 4871 4870 4869
IDX10 4862 4867 4872 4873 4874 4875 4876 4875 4874 4862
IDX10 4872 4877 4878 4879 4880 4881 4880 4879 4882 4862
IDX10 4877 4883 4884 4885 4886 4885 4884 4860 4862 4882
IDX10 4887 4888 4889 4890 4889 4888 4891 4892 4893 4894
IDX10 4895 4896 4897 4896 4895 4892 4898 4893 4899 4894
IDX10 4900 4896 4900 4894 4898 4901 4893 4902 4899 4903
IDX10 4900 4903 4899 4901 4904 4893 4905 4906 4903 4902
IDX10 4903 4906 4904 4907 4893 4908 4909 4905 4906 4905
IDX10 4909 4893 4907 4910 4911 4909 4912 4908 4912 4909
IDX10 4893 4910 4913 4914 4911 4915 4912 4915 4911 4893
IDX10 4913 4916 4915 4917 4914 4918 4914 4917 4893 4916
IDX10 4919 4917 4920 4918 4921 4918 4920 4922 4893 4919
IDX10 4921 4920 4923 4924 4923 4920 4925 4893 4922 4923
IDX10 4924 4926 4927 4926 4924 4891 4893 4925 4928 4926
IDX10 4929 4927 4929 4926 4930 4931 4932 4933 4932 4931
IDX10 4934 4930 4935 4932 4935 4930 4936 4937 4935 4934
IDX10 4935 4937 4938 4939 4936 4937 4936 4939 4940 4939
IDX10 4941 4938 4941 4939 4942 4940 4943 4941 4943 4940
IDX10 4944 4942 4945 4943 4945 4942 4946 4944 4947 4945
IDX10 4947 4944 4946 4947 4948 4949 4948 4947 4948 4949
IDX10 4950 4951 4950 4949 4952 4950 4953 4951 4953 4950
IDX 4954
IDX 4952
IDX 4955
IDX 4953
IDX 4955
IDX 4952